timestamp,__name__,container,endpoint,instance,job,namespace,node,pod,service,value,id,image,metrics_path,name,deployment,control_plane_component,control_plane_ns,direction,no_tls_reason,pod_template_hash,status_code,tls,workload_ns,authority,client_id,dst_control_plane_ns,dst_deployment,dst_namespace,dst_pod,dst_pod_template_hash,dst_serviceaccount,server_id
1612451214.232,kube_pod_container_resource_requests_memory_bytes,alertmanager,http,10.1.2.17:8080,kube-state-metrics,default,docker-desktop,alertmanager-prometheus-kube-prometheus-alertmanager-0,prometheus-kube-state-metrics,209715200,,,,,,,,,,,,,,,,,,,,,,
1612451244.232,kube_pod_container_resource_requests_memory_bytes,alertmanager,http,10.1.2.17:8080,kube-state-metrics,default,docker-desktop,alertmanager-prometheus-kube-prometheus-alertmanager-0,prometheus-kube-state-metrics,209715200,,,,,,,,,,,,,,,,,,,,,,
1612451274.232,kube_pod_container_resource_requests_memory_bytes,alertmanager,http,10.1.2.17:8080,kube-state-metrics,default,docker-desktop,alertmanager-prometheus-kube-prometheus-alertmanager-0,prometheus-kube-state-metrics,209715200,,,,,,,,,,,,,,,,,,,,,,
1612451304.232,kube_pod_container_resource_requests_memory_bytes,alertmanager,http,10.1.2.17:8080,kube-state-metrics,default,docker-desktop,alertmanager-prometheus-kube-prometheus-alertmanager-0,prometheus-kube-state-metrics,209715200,,,,,,,,,,,,,,,,,,,,,,
1612451214.232,kube_pod_container_resource_requests_memory_bytes,config-reloader,http,10.1.2.17:8080,kube-state-metrics,default,docker-desktop,alertmanager-prometheus-kube-prometheus-alertmanager-0,prometheus-kube-state-metrics,52428800,,,,,,,,,,,,,,,,,,,,,,
1612451244.232,kube_pod_container_resource_requests_memory_bytes,config-reloader,http,10.1.2.17:8080,kube-state-metrics,default,docker-desktop,alertmanager-prometheus-kube-prometheus-alertmanager-0,prometheus-kube-state-metrics,52428800,,,,,,,,,,,,,,,,,,,,,,
1612451274.232,kube_pod_container_resource_requests_memory_bytes,config-reloader,http,10.1.2.17:8080,kube-state-metrics,default,docker-desktop,alertmanager-prometheus-kube-prometheus-alertmanager-0,prometheus-kube-state-metrics,52428800,,,,,,,,,,,,,,,,,,,,,,
1612451304.232,kube_pod_container_resource_requests_memory_bytes,config-reloader,http,10.1.2.17:8080,kube-state-metrics,default,docker-desktop,alertmanager-prometheus-kube-prometheus-alertmanager-0,prometheus-kube-state-metrics,52428800,,,,,,,,,,,,,,,,,,,,,,
1612451214.232,kube_pod_container_resource_requests_memory_bytes,config-reloader,http,10.1.2.17:8080,kube-state-metrics,default,docker-desktop,prometheus-prometheus-kube-prometheus-prometheus-0,prometheus-kube-state-metrics,52428800,,,,,,,,,,,,,,,,,,,,,,
1612451244.232,kube_pod_container_resource_requests_memory_bytes,config-reloader,http,10.1.2.17:8080,kube-state-metrics,default,docker-desktop,prometheus-prometheus-kube-prometheus-prometheus-0,prometheus-kube-state-metrics,52428800,,,,,,,,,,,,,,,,,,,,,,
1612451274.232,kube_pod_container_resource_requests_memory_bytes,config-reloader,http,10.1.2.17:8080,kube-state-metrics,default,docker-desktop,prometheus-prometheus-kube-prometheus-prometheus-0,prometheus-kube-state-metrics,52428800,,,,,,,,,,,,,,,,,,,,,,
1612451304.232,kube_pod_container_resource_requests_memory_bytes,config-reloader,http,10.1.2.17:8080,kube-state-metrics,default,docker-desktop,prometheus-prometheus-kube-prometheus-prometheus-0,prometheus-kube-state-metrics,52428800,,,,,,,,,,,,,,,,,,,,,,
1612451214.232,kube_pod_container_resource_requests_memory_bytes,coredns,http,10.1.2.17:8080,kube-state-metrics,kube-system,docker-desktop,coredns-f9fd979d6-vb8ml,prometheus-kube-state-metrics,73400320,,,,,,,,,,,,,,,,,,,,,,
1612451244.232,kube_pod_container_resource_requests_memory_bytes,coredns,http,10.1.2.17:8080,kube-state-metrics,kube-system,docker-desktop,coredns-f9fd979d6-vb8ml,prometheus-kube-state-metrics,73400320,,,,,,,,,,,,,,,,,,,,,,
1612451274.232,kube_pod_container_resource_requests_memory_bytes,coredns,http,10.1.2.17:8080,kube-state-metrics,kube-system,docker-desktop,coredns-f9fd979d6-vb8ml,prometheus-kube-state-metrics,73400320,,,,,,,,,,,,,,,,,,,,,,
1612451304.232,kube_pod_container_resource_requests_memory_bytes,coredns,http,10.1.2.17:8080,kube-state-metrics,kube-system,docker-desktop,coredns-f9fd979d6-vb8ml,prometheus-kube-state-metrics,73400320,,,,,,,,,,,,,,,,,,,,,,
1612451214.232,kube_pod_container_resource_requests_memory_bytes,coredns,http,10.1.2.17:8080,kube-state-metrics,kube-system,docker-desktop,coredns-f9fd979d6-wllgt,prometheus-kube-state-metrics,73400320,,,,,,,,,,,,,,,,,,,,,,
1612451244.232,kube_pod_container_resource_requests_memory_bytes,coredns,http,10.1.2.17:8080,kube-state-metrics,kube-system,docker-desktop,coredns-f9fd979d6-wllgt,prometheus-kube-state-metrics,73400320,,,,,,,,,,,,,,,,,,,,,,
1612451274.232,kube_pod_container_resource_requests_memory_bytes,coredns,http,10.1.2.17:8080,kube-state-metrics,kube-system,docker-desktop,coredns-f9fd979d6-wllgt,prometheus-kube-state-metrics,73400320,,,,,,,,,,,,,,,,,,,,,,
1612451304.232,kube_pod_container_resource_requests_memory_bytes,coredns,http,10.1.2.17:8080,kube-state-metrics,kube-system,docker-desktop,coredns-f9fd979d6-wllgt,prometheus-kube-state-metrics,73400320,,,,,,,,,,,,,,,,,,,,,,
1612451244.232,kube_pod_container_resource_requests_memory_bytes,webserver,http,10.1.2.17:8080,kube-state-metrics,sandbox,docker-desktop,sandbox-deployment-7b7967b898-xthbp,prometheus-kube-state-metrics,104857600,,,,,,,,,,,,,,,,,,,,,,
1612451274.232,kube_pod_container_resource_requests_memory_bytes,webserver,http,10.1.2.17:8080,kube-state-metrics,sandbox,docker-desktop,sandbox-deployment-7b7967b898-xthbp,prometheus-kube-state-metrics,104857600,,,,,,,,,,,,,,,,,,,,,,
1612451304.232,kube_pod_container_resource_requests_memory_bytes,webserver,http,10.1.2.17:8080,kube-state-metrics,sandbox,docker-desktop,sandbox-deployment-7b7967b898-xthbp,prometheus-kube-state-metrics,104857600,,,,,,,,,,,,,,,,,,,,,,
1612451214.232,kube_pod_container_resource_requests_memory_bytes,webserver,http,10.1.2.17:8080,kube-state-metrics,sandbox,docker-desktop,sandbox-deployment-8745b9b79-lzhf6,prometheus-kube-state-metrics,104857600,,,,,,,,,,,,,,,,,,,,,,
1612451244.232,kube_pod_container_resource_requests_memory_bytes,webserver,http,10.1.2.17:8080,kube-state-metrics,sandbox,docker-desktop,sandbox-deployment-8745b9b79-lzhf6,prometheus-kube-state-metrics,104857600,,,,,,,,,,,,,,,,,,,,,,
1612451214.232,kube_pod_container_resource_requests_memory_bytes,webserver,http,10.1.2.17:8080,kube-state-metrics,sandbox,docker-desktop,sandbox-deployment-8745b9b79-sstlc,prometheus-kube-state-metrics,104857600,,,,,,,,,,,,,,,,,,,,,,
1612451244.232,kube_pod_container_resource_requests_memory_bytes,webserver,http,10.1.2.17:8080,kube-state-metrics,sandbox,docker-desktop,sandbox-deployment-8745b9b79-sstlc,prometheus-kube-state-metrics,104857600,,,,,,,,,,,,,,,,,,,,,,
1612451214.232,kube_pod_container_resource_limits_memory_bytes,config-reloader,http,10.1.2.17:8080,kube-state-metrics,default,docker-desktop,alertmanager-prometheus-kube-prometheus-alertmanager-0,prometheus-kube-state-metrics,52428800,,,,,,,,,,,,,,,,,,,,,,
1612451244.232,kube_pod_container_resource_limits_memory_bytes,config-reloader,http,10.1.2.17:8080,kube-state-metrics,default,docker-desktop,alertmanager-prometheus-kube-prometheus-alertmanager-0,prometheus-kube-state-metrics,52428800,,,,,,,,,,,,,,,,,,,,,,
1612451274.232,kube_pod_container_resource_limits_memory_bytes,config-reloader,http,10.1.2.17:8080,kube-state-metrics,default,docker-desktop,alertmanager-prometheus-kube-prometheus-alertmanager-0,prometheus-kube-state-metrics,52428800,,,,,,,,,,,,,,,,,,,,,,
1612451304.232,kube_pod_container_resource_limits_memory_bytes,config-reloader,http,10.1.2.17:8080,kube-state-metrics,default,docker-desktop,alertmanager-prometheus-kube-prometheus-alertmanager-0,prometheus-kube-state-metrics,52428800,,,,,,,,,,,,,,,,,,,,,,
1612451214.232,kube_pod_container_resource_limits_memory_bytes,config-reloader,http,10.1.2.17:8080,kube-state-metrics,default,docker-desktop,prometheus-prometheus-kube-prometheus-prometheus-0,prometheus-kube-state-metrics,52428800,,,,,,,,,,,,,,,,,,,,,,
1612451244.232,kube_pod_container_resource_limits_memory_bytes,config-reloader,http,10.1.2.17:8080,kube-state-metrics,default,docker-desktop,prometheus-prometheus-kube-prometheus-prometheus-0,prometheus-kube-state-metrics,52428800,,,,,,,,,,,,,,,,,,,,,,
1612451274.232,kube_pod_container_resource_limits_memory_bytes,config-reloader,http,10.1.2.17:8080,kube-state-metrics,default,docker-desktop,prometheus-prometheus-kube-prometheus-prometheus-0,prometheus-kube-state-metrics,52428800,,,,,,,,,,,,,,,,,,,,,,
1612451304.232,kube_pod_container_resource_limits_memory_bytes,config-reloader,http,10.1.2.17:8080,kube-state-metrics,default,docker-desktop,prometheus-prometheus-kube-prometheus-prometheus-0,prometheus-kube-state-metrics,52428800,,,,,,,,,,,,,,,,,,,,,,
1612451214.232,kube_pod_container_resource_limits_memory_bytes,coredns,http,10.1.2.17:8080,kube-state-metrics,kube-system,docker-desktop,coredns-f9fd979d6-vb8ml,prometheus-kube-state-metrics,178257920,,,,,,,,,,,,,,,,,,,,,,
1612451244.232,kube_pod_container_resource_limits_memory_bytes,coredns,http,10.1.2.17:8080,kube-state-metrics,kube-system,docker-desktop,coredns-f9fd979d6-vb8ml,prometheus-kube-state-metrics,178257920,,,,,,,,,,,,,,,,,,,,,,
1612451274.232,kube_pod_container_resource_limits_memory_bytes,coredns,http,10.1.2.17:8080,kube-state-metrics,kube-system,docker-desktop,coredns-f9fd979d6-vb8ml,prometheus-kube-state-metrics,178257920,,,,,,,,,,,,,,,,,,,,,,
1612451304.232,kube_pod_container_resource_limits_memory_bytes,coredns,http,10.1.2.17:8080,kube-state-metrics,kube-system,docker-desktop,coredns-f9fd979d6-vb8ml,prometheus-kube-state-metrics,178257920,,,,,,,,,,,,,,,,,,,,,,
1612451214.232,kube_pod_container_resource_limits_memory_bytes,coredns,http,10.1.2.17:8080,kube-state-metrics,kube-system,docker-desktop,coredns-f9fd979d6-wllgt,prometheus-kube-state-metrics,178257920,,,,,,,,,,,,,,,,,,,,,,
1612451244.232,kube_pod_container_resource_limits_memory_bytes,coredns,http,10.1.2.17:8080,kube-state-metrics,kube-system,docker-desktop,coredns-f9fd979d6-wllgt,prometheus-kube-state-metrics,178257920,,,,,,,,,,,,,,,,,,,,,,
1612451274.232,kube_pod_container_resource_limits_memory_bytes,coredns,http,10.1.2.17:8080,kube-state-metrics,kube-system,docker-desktop,coredns-f9fd979d6-wllgt,prometheus-kube-state-metrics,178257920,,,,,,,,,,,,,,,,,,,,,,
1612451304.232,kube_pod_container_resource_limits_memory_bytes,coredns,http,10.1.2.17:8080,kube-state-metrics,kube-system,docker-desktop,coredns-f9fd979d6-wllgt,prometheus-kube-state-metrics,178257920,,,,,,,,,,,,,,,,,,,,,,
1612451244.232,kube_pod_container_resource_limits_memory_bytes,webserver,http,10.1.2.17:8080,kube-state-metrics,sandbox,docker-desktop,sandbox-deployment-7b7967b898-xthbp,prometheus-kube-state-metrics,209715200,,,,,,,,,,,,,,,,,,,,,,
1612451274.232,kube_pod_container_resource_limits_memory_bytes,webserver,http,10.1.2.17:8080,kube-state-metrics,sandbox,docker-desktop,sandbox-deployment-7b7967b898-xthbp,prometheus-kube-state-metrics,209715200,,,,,,,,,,,,,,,,,,,,,,
1612451304.232,kube_pod_container_resource_limits_memory_bytes,webserver,http,10.1.2.17:8080,kube-state-metrics,sandbox,docker-desktop,sandbox-deployment-7b7967b898-xthbp,prometheus-kube-state-metrics,209715200,,,,,,,,,,,,,,,,,,,,,,
1612451214.232,kube_pod_container_resource_limits_memory_bytes,webserver,http,10.1.2.17:8080,kube-state-metrics,sandbox,docker-desktop,sandbox-deployment-8745b9b79-lzhf6,prometheus-kube-state-metrics,419430400,,,,,,,,,,,,,,,,,,,,,,
1612451244.232,kube_pod_container_resource_limits_memory_bytes,webserver,http,10.1.2.17:8080,kube-state-metrics,sandbox,docker-desktop,sandbox-deployment-8745b9b79-lzhf6,prometheus-kube-state-metrics,419430400,,,,,,,,,,,,,,,,,,,,,,
1612451214.232,kube_pod_container_resource_limits_memory_bytes,webserver,http,10.1.2.17:8080,kube-state-metrics,sandbox,docker-desktop,sandbox-deployment-8745b9b79-sstlc,prometheus-kube-state-metrics,419430400,,,,,,,,,,,,,,,,,,,,,,
1612451244.232,kube_pod_container_resource_limits_memory_bytes,webserver,http,10.1.2.17:8080,kube-state-metrics,sandbox,docker-desktop,sandbox-deployment-8745b9b79-sstlc,prometheus-kube-state-metrics,419430400,,,,,,,,,,,,,,,,,,,,,,
1612451214.232,kube_pod_container_resource_limits_cpu_cores,config-reloader,http,10.1.2.17:8080,kube-state-metrics,default,docker-desktop,alertmanager-prometheus-kube-prometheus-alertmanager-0,prometheus-kube-state-metrics,0.1,,,,,,,,,,,,,,,,,,,,,,
1612451244.232,kube_pod_container_resource_limits_cpu_cores,config-reloader,http,10.1.2.17:8080,kube-state-metrics,default,docker-desktop,alertmanager-prometheus-kube-prometheus-alertmanager-0,prometheus-kube-state-metrics,0.1,,,,,,,,,,,,,,,,,,,,,,
1612451274.232,kube_pod_container_resource_limits_cpu_cores,config-reloader,http,10.1.2.17:8080,kube-state-metrics,default,docker-desktop,alertmanager-prometheus-kube-prometheus-alertmanager-0,prometheus-kube-state-metrics,0.1,,,,,,,,,,,,,,,,,,,,,,
1612451304.232,kube_pod_container_resource_limits_cpu_cores,config-reloader,http,10.1.2.17:8080,kube-state-metrics,default,docker-desktop,alertmanager-prometheus-kube-prometheus-alertmanager-0,prometheus-kube-state-metrics,0.1,,,,,,,,,,,,,,,,,,,,,,
1612451214.232,kube_pod_container_resource_limits_cpu_cores,config-reloader,http,10.1.2.17:8080,kube-state-metrics,default,docker-desktop,prometheus-prometheus-kube-prometheus-prometheus-0,prometheus-kube-state-metrics,0.1,,,,,,,,,,,,,,,,,,,,,,
1612451244.232,kube_pod_container_resource_limits_cpu_cores,config-reloader,http,10.1.2.17:8080,kube-state-metrics,default,docker-desktop,prometheus-prometheus-kube-prometheus-prometheus-0,prometheus-kube-state-metrics,0.1,,,,,,,,,,,,,,,,,,,,,,
1612451274.232,kube_pod_container_resource_limits_cpu_cores,config-reloader,http,10.1.2.17:8080,kube-state-metrics,default,docker-desktop,prometheus-prometheus-kube-prometheus-prometheus-0,prometheus-kube-state-metrics,0.1,,,,,,,,,,,,,,,,,,,,,,
1612451304.232,kube_pod_container_resource_limits_cpu_cores,config-reloader,http,10.1.2.17:8080,kube-state-metrics,default,docker-desktop,prometheus-prometheus-kube-prometheus-prometheus-0,prometheus-kube-state-metrics,0.1,,,,,,,,,,,,,,,,,,,,,,
1612451244.232,kube_pod_container_resource_limits_cpu_cores,webserver,http,10.1.2.17:8080,kube-state-metrics,sandbox,docker-desktop,sandbox-deployment-7b7967b898-xthbp,prometheus-kube-state-metrics,0.4,,,,,,,,,,,,,,,,,,,,,,
1612451274.232,kube_pod_container_resource_limits_cpu_cores,webserver,http,10.1.2.17:8080,kube-state-metrics,sandbox,docker-desktop,sandbox-deployment-7b7967b898-xthbp,prometheus-kube-state-metrics,0.4,,,,,,,,,,,,,,,,,,,,,,
1612451304.232,kube_pod_container_resource_limits_cpu_cores,webserver,http,10.1.2.17:8080,kube-state-metrics,sandbox,docker-desktop,sandbox-deployment-7b7967b898-xthbp,prometheus-kube-state-metrics,0.4,,,,,,,,,,,,,,,,,,,,,,
1612451214.232,kube_pod_container_resource_limits_cpu_cores,webserver,http,10.1.2.17:8080,kube-state-metrics,sandbox,docker-desktop,sandbox-deployment-8745b9b79-lzhf6,prometheus-kube-state-metrics,0.2,,,,,,,,,,,,,,,,,,,,,,
1612451244.232,kube_pod_container_resource_limits_cpu_cores,webserver,http,10.1.2.17:8080,kube-state-metrics,sandbox,docker-desktop,sandbox-deployment-8745b9b79-lzhf6,prometheus-kube-state-metrics,0.2,,,,,,,,,,,,,,,,,,,,,,
1612451214.232,kube_pod_container_resource_limits_cpu_cores,webserver,http,10.1.2.17:8080,kube-state-metrics,sandbox,docker-desktop,sandbox-deployment-8745b9b79-sstlc,prometheus-kube-state-metrics,0.2,,,,,,,,,,,,,,,,,,,,,,
1612451244.232,kube_pod_container_resource_limits_cpu_cores,webserver,http,10.1.2.17:8080,kube-state-metrics,sandbox,docker-desktop,sandbox-deployment-8745b9b79-sstlc,prometheus-kube-state-metrics,0.2,,,,,,,,,,,,,,,,,,,,,,
1612451214.232,kube_pod_container_resource_requests_cpu_cores,config-reloader,http,10.1.2.17:8080,kube-state-metrics,default,docker-desktop,alertmanager-prometheus-kube-prometheus-alertmanager-0,prometheus-kube-state-metrics,0.1,,,,,,,,,,,,,,,,,,,,,,
1612451244.232,kube_pod_container_resource_requests_cpu_cores,config-reloader,http,10.1.2.17:8080,kube-state-metrics,default,docker-desktop,alertmanager-prometheus-kube-prometheus-alertmanager-0,prometheus-kube-state-metrics,0.1,,,,,,,,,,,,,,,,,,,,,,
1612451274.232,kube_pod_container_resource_requests_cpu_cores,config-reloader,http,10.1.2.17:8080,kube-state-metrics,default,docker-desktop,alertmanager-prometheus-kube-prometheus-alertmanager-0,prometheus-kube-state-metrics,0.1,,,,,,,,,,,,,,,,,,,,,,
1612451304.232,kube_pod_container_resource_requests_cpu_cores,config-reloader,http,10.1.2.17:8080,kube-state-metrics,default,docker-desktop,alertmanager-prometheus-kube-prometheus-alertmanager-0,prometheus-kube-state-metrics,0.1,,,,,,,,,,,,,,,,,,,,,,
1612451214.232,kube_pod_container_resource_requests_cpu_cores,config-reloader,http,10.1.2.17:8080,kube-state-metrics,default,docker-desktop,prometheus-prometheus-kube-prometheus-prometheus-0,prometheus-kube-state-metrics,0.1,,,,,,,,,,,,,,,,,,,,,,
1612451244.232,kube_pod_container_resource_requests_cpu_cores,config-reloader,http,10.1.2.17:8080,kube-state-metrics,default,docker-desktop,prometheus-prometheus-kube-prometheus-prometheus-0,prometheus-kube-state-metrics,0.1,,,,,,,,,,,,,,,,,,,,,,
1612451274.232,kube_pod_container_resource_requests_cpu_cores,config-reloader,http,10.1.2.17:8080,kube-state-metrics,default,docker-desktop,prometheus-prometheus-kube-prometheus-prometheus-0,prometheus-kube-state-metrics,0.1,,,,,,,,,,,,,,,,,,,,,,
1612451304.232,kube_pod_container_resource_requests_cpu_cores,config-reloader,http,10.1.2.17:8080,kube-state-metrics,default,docker-desktop,prometheus-prometheus-kube-prometheus-prometheus-0,prometheus-kube-state-metrics,0.1,,,,,,,,,,,,,,,,,,,,,,
1612451214.232,kube_pod_container_resource_requests_cpu_cores,coredns,http,10.1.2.17:8080,kube-state-metrics,kube-system,docker-desktop,coredns-f9fd979d6-vb8ml,prometheus-kube-state-metrics,0.1,,,,,,,,,,,,,,,,,,,,,,
1612451244.232,kube_pod_container_resource_requests_cpu_cores,coredns,http,10.1.2.17:8080,kube-state-metrics,kube-system,docker-desktop,coredns-f9fd979d6-vb8ml,prometheus-kube-state-metrics,0.1,,,,,,,,,,,,,,,,,,,,,,
1612451274.232,kube_pod_container_resource_requests_cpu_cores,coredns,http,10.1.2.17:8080,kube-state-metrics,kube-system,docker-desktop,coredns-f9fd979d6-vb8ml,prometheus-kube-state-metrics,0.1,,,,,,,,,,,,,,,,,,,,,,
1612451304.232,kube_pod_container_resource_requests_cpu_cores,coredns,http,10.1.2.17:8080,kube-state-metrics,kube-system,docker-desktop,coredns-f9fd979d6-vb8ml,prometheus-kube-state-metrics,0.1,,,,,,,,,,,,,,,,,,,,,,
1612451214.232,kube_pod_container_resource_requests_cpu_cores,coredns,http,10.1.2.17:8080,kube-state-metrics,kube-system,docker-desktop,coredns-f9fd979d6-wllgt,prometheus-kube-state-metrics,0.1,,,,,,,,,,,,,,,,,,,,,,
1612451244.232,kube_pod_container_resource_requests_cpu_cores,coredns,http,10.1.2.17:8080,kube-state-metrics,kube-system,docker-desktop,coredns-f9fd979d6-wllgt,prometheus-kube-state-metrics,0.1,,,,,,,,,,,,,,,,,,,,,,
1612451274.232,kube_pod_container_resource_requests_cpu_cores,coredns,http,10.1.2.17:8080,kube-state-metrics,kube-system,docker-desktop,coredns-f9fd979d6-wllgt,prometheus-kube-state-metrics,0.1,,,,,,,,,,,,,,,,,,,,,,
1612451304.232,kube_pod_container_resource_requests_cpu_cores,coredns,http,10.1.2.17:8080,kube-state-metrics,kube-system,docker-desktop,coredns-f9fd979d6-wllgt,prometheus-kube-state-metrics,0.1,,,,,,,,,,,,,,,,,,,,,,
1612451214.232,kube_pod_container_resource_requests_cpu_cores,kube-apiserver,http,10.1.2.17:8080,kube-state-metrics,kube-system,docker-desktop,kube-apiserver-docker-desktop,prometheus-kube-state-metrics,0.25,,,,,,,,,,,,,,,,,,,,,,
1612451244.232,kube_pod_container_resource_requests_cpu_cores,kube-apiserver,http,10.1.2.17:8080,kube-state-metrics,kube-system,docker-desktop,kube-apiserver-docker-desktop,prometheus-kube-state-metrics,0.25,,,,,,,,,,,,,,,,,,,,,,
1612451274.232,kube_pod_container_resource_requests_cpu_cores,kube-apiserver,http,10.1.2.17:8080,kube-state-metrics,kube-system,docker-desktop,kube-apiserver-docker-desktop,prometheus-kube-state-metrics,0.25,,,,,,,,,,,,,,,,,,,,,,
1612451304.232,kube_pod_container_resource_requests_cpu_cores,kube-apiserver,http,10.1.2.17:8080,kube-state-metrics,kube-system,docker-desktop,kube-apiserver-docker-desktop,prometheus-kube-state-metrics,0.25,,,,,,,,,,,,,,,,,,,,,,
1612451214.232,kube_pod_container_resource_requests_cpu_cores,kube-controller-manager,http,10.1.2.17:8080,kube-state-metrics,kube-system,docker-desktop,kube-controller-manager-docker-desktop,prometheus-kube-state-metrics,0.2,,,,,,,,,,,,,,,,,,,,,,
1612451244.232,kube_pod_container_resource_requests_cpu_cores,kube-controller-manager,http,10.1.2.17:8080,kube-state-metrics,kube-system,docker-desktop,kube-controller-manager-docker-desktop,prometheus-kube-state-metrics,0.2,,,,,,,,,,,,,,,,,,,,,,
1612451274.232,kube_pod_container_resource_requests_cpu_cores,kube-controller-manager,http,10.1.2.17:8080,kube-state-metrics,kube-system,docker-desktop,kube-controller-manager-docker-desktop,prometheus-kube-state-metrics,0.2,,,,,,,,,,,,,,,,,,,,,,
1612451304.232,kube_pod_container_resource_requests_cpu_cores,kube-controller-manager,http,10.1.2.17:8080,kube-state-metrics,kube-system,docker-desktop,kube-controller-manager-docker-desktop,prometheus-kube-state-metrics,0.2,,,,,,,,,,,,,,,,,,,,,,
1612451214.232,kube_pod_container_resource_requests_cpu_cores,kube-scheduler,http,10.1.2.17:8080,kube-state-metrics,kube-system,docker-desktop,kube-scheduler-docker-desktop,prometheus-kube-state-metrics,0.1,,,,,,,,,,,,,,,,,,,,,,
1612451244.232,kube_pod_container_resource_requests_cpu_cores,kube-scheduler,http,10.1.2.17:8080,kube-state-metrics,kube-system,docker-desktop,kube-scheduler-docker-desktop,prometheus-kube-state-metrics,0.1,,,,,,,,,,,,,,,,,,,,,,
1612451274.232,kube_pod_container_resource_requests_cpu_cores,kube-scheduler,http,10.1.2.17:8080,kube-state-metrics,kube-system,docker-desktop,kube-scheduler-docker-desktop,prometheus-kube-state-metrics,0.1,,,,,,,,,,,,,,,,,,,,,,
1612451304.232,kube_pod_container_resource_requests_cpu_cores,kube-scheduler,http,10.1.2.17:8080,kube-state-metrics,kube-system,docker-desktop,kube-scheduler-docker-desktop,prometheus-kube-state-metrics,0.1,,,,,,,,,,,,,,,,,,,,,,
1612451244.232,kube_pod_container_resource_requests_cpu_cores,webserver,http,10.1.2.17:8080,kube-state-metrics,sandbox,docker-desktop,sandbox-deployment-7b7967b898-xthbp,prometheus-kube-state-metrics,0.1,,,,,,,,,,,,,,,,,,,,,,
1612451274.232,kube_pod_container_resource_requests_cpu_cores,webserver,http,10.1.2.17:8080,kube-state-metrics,sandbox,docker-desktop,sandbox-deployment-7b7967b898-xthbp,prometheus-kube-state-metrics,0.1,,,,,,,,,,,,,,,,,,,,,,
1612451304.232,kube_pod_container_resource_requests_cpu_cores,webserver,http,10.1.2.17:8080,kube-state-metrics,sandbox,docker-desktop,sandbox-deployment-7b7967b898-xthbp,prometheus-kube-state-metrics,0.1,,,,,,,,,,,,,,,,,,,,,,
1612451214.232,kube_pod_container_resource_requests_cpu_cores,webserver,http,10.1.2.17:8080,kube-state-metrics,sandbox,docker-desktop,sandbox-deployment-8745b9b79-lzhf6,prometheus-kube-state-metrics,0.1,,,,,,,,,,,,,,,,,,,,,,
1612451244.232,kube_pod_container_resource_requests_cpu_cores,webserver,http,10.1.2.17:8080,kube-state-metrics,sandbox,docker-desktop,sandbox-deployment-8745b9b79-lzhf6,prometheus-kube-state-metrics,0.1,,,,,,,,,,,,,,,,,,,,,,
1612451214.232,kube_pod_container_resource_requests_cpu_cores,webserver,http,10.1.2.17:8080,kube-state-metrics,sandbox,docker-desktop,sandbox-deployment-8745b9b79-sstlc,prometheus-kube-state-metrics,0.1,,,,,,,,,,,,,,,,,,,,,,
1612451244.232,kube_pod_container_resource_requests_cpu_cores,webserver,http,10.1.2.17:8080,kube-state-metrics,sandbox,docker-desktop,sandbox-deployment-8745b9b79-sstlc,prometheus-kube-state-metrics,0.1,,,,,,,,,,,,,,,,,,,,,,
1612451195.591,container_cpu_cfs_throttled_seconds_total,config-reloader,https-metrics,192.168.65.3:10250,kubelet,default,docker-desktop,alertmanager-prometheus-kube-prometheus-alertmanager-0,prometheus-kube-prometheus-kubelet,0.2290955,/kubepods/kubepods/burstable/podd89c6f7b-2d51-4764-b065-6e6c6f316f60/eecea8720facf8779d702b3729765d2068dc184b0cf63b62027480248a38fe41,sha256:73bc771f8028b1accae9e696fb577750cc9ff09feea8a3a30b590d4a4c2766d2,/metrics/cadvisor,k8s_config-reloader_alertmanager-prometheus-kube-prometheus-alertmanager-0_default_d89c6f7b-2d51-4764-b065-6e6c6f316f60_2,,,,,,,,,,,,,,,,,,
1612451229.361,container_cpu_cfs_throttled_seconds_total,config-reloader,https-metrics,192.168.65.3:10250,kubelet,default,docker-desktop,alertmanager-prometheus-kube-prometheus-alertmanager-0,prometheus-kube-prometheus-kubelet,0.2290955,/kubepods/kubepods/burstable/podd89c6f7b-2d51-4764-b065-6e6c6f316f60/eecea8720facf8779d702b3729765d2068dc184b0cf63b62027480248a38fe41,sha256:73bc771f8028b1accae9e696fb577750cc9ff09feea8a3a30b590d4a4c2766d2,/metrics/cadvisor,k8s_config-reloader_alertmanager-prometheus-kube-prometheus-alertmanager-0_default_d89c6f7b-2d51-4764-b065-6e6c6f316f60_2,,,,,,,,,,,,,,,,,,
1612451252.753,container_cpu_cfs_throttled_seconds_total,config-reloader,https-metrics,192.168.65.3:10250,kubelet,default,docker-desktop,alertmanager-prometheus-kube-prometheus-alertmanager-0,prometheus-kube-prometheus-kubelet,0.2290955,/kubepods/kubepods/burstable/podd89c6f7b-2d51-4764-b065-6e6c6f316f60/eecea8720facf8779d702b3729765d2068dc184b0cf63b62027480248a38fe41,sha256:73bc771f8028b1accae9e696fb577750cc9ff09feea8a3a30b590d4a4c2766d2,/metrics/cadvisor,k8s_config-reloader_alertmanager-prometheus-kube-prometheus-alertmanager-0_default_d89c6f7b-2d51-4764-b065-6e6c6f316f60_2,,,,,,,,,,,,,,,,,,
1612451285.958,container_cpu_cfs_throttled_seconds_total,config-reloader,https-metrics,192.168.65.3:10250,kubelet,default,docker-desktop,alertmanager-prometheus-kube-prometheus-alertmanager-0,prometheus-kube-prometheus-kubelet,0.2290955,/kubepods/kubepods/burstable/podd89c6f7b-2d51-4764-b065-6e6c6f316f60/eecea8720facf8779d702b3729765d2068dc184b0cf63b62027480248a38fe41,sha256:73bc771f8028b1accae9e696fb577750cc9ff09feea8a3a30b590d4a4c2766d2,/metrics/cadvisor,k8s_config-reloader_alertmanager-prometheus-kube-prometheus-alertmanager-0_default_d89c6f7b-2d51-4764-b065-6e6c6f316f60_2,,,,,,,,,,,,,,,,,,
1612451193.962,container_cpu_cfs_throttled_seconds_total,config-reloader,https-metrics,192.168.65.3:10250,kubelet,default,docker-desktop,prometheus-prometheus-kube-prometheus-prometheus-0,prometheus-kube-prometheus-kubelet,1.2597052,/kubepods/kubepods/burstable/podfd9fbf33-72d7-4e99-a0fc-0221df0c60ce/cf47df487d80dabd911d3e500eea6419bf59f56faa338c9508055838e8aff281,sha256:73bc771f8028b1accae9e696fb577750cc9ff09feea8a3a30b590d4a4c2766d2,/metrics/cadvisor,k8s_config-reloader_prometheus-prometheus-kube-prometheus-prometheus-0_default_fd9fbf33-72d7-4e99-a0fc-0221df0c60ce_2,,,,,,,,,,,,,,,,,,
1612451223.347,container_cpu_cfs_throttled_seconds_total,config-reloader,https-metrics,192.168.65.3:10250,kubelet,default,docker-desktop,prometheus-prometheus-kube-prometheus-prometheus-0,prometheus-kube-prometheus-kubelet,1.2597052,/kubepods/kubepods/burstable/podfd9fbf33-72d7-4e99-a0fc-0221df0c60ce/cf47df487d80dabd911d3e500eea6419bf59f56faa338c9508055838e8aff281,sha256:73bc771f8028b1accae9e696fb577750cc9ff09feea8a3a30b590d4a4c2766d2,/metrics/cadvisor,k8s_config-reloader_prometheus-prometheus-kube-prometheus-prometheus-0_default_fd9fbf33-72d7-4e99-a0fc-0221df0c60ce_2,,,,,,,,,,,,,,,,,,
1612451259.525,container_cpu_cfs_throttled_seconds_total,config-reloader,https-metrics,192.168.65.3:10250,kubelet,default,docker-desktop,prometheus-prometheus-kube-prometheus-prometheus-0,prometheus-kube-prometheus-kubelet,1.2597052,/kubepods/kubepods/burstable/podfd9fbf33-72d7-4e99-a0fc-0221df0c60ce/cf47df487d80dabd911d3e500eea6419bf59f56faa338c9508055838e8aff281,sha256:73bc771f8028b1accae9e696fb577750cc9ff09feea8a3a30b590d4a4c2766d2,/metrics/cadvisor,k8s_config-reloader_prometheus-prometheus-kube-prometheus-prometheus-0_default_fd9fbf33-72d7-4e99-a0fc-0221df0c60ce_2,,,,,,,,,,,,,,,,,,
1612451289.593,container_cpu_cfs_throttled_seconds_total,config-reloader,https-metrics,192.168.65.3:10250,kubelet,default,docker-desktop,prometheus-prometheus-kube-prometheus-prometheus-0,prometheus-kube-prometheus-kubelet,1.2597052,/kubepods/kubepods/burstable/podfd9fbf33-72d7-4e99-a0fc-0221df0c60ce/cf47df487d80dabd911d3e500eea6419bf59f56faa338c9508055838e8aff281,sha256:73bc771f8028b1accae9e696fb577750cc9ff09feea8a3a30b590d4a4c2766d2,/metrics/cadvisor,k8s_config-reloader_prometheus-prometheus-kube-prometheus-prometheus-0_default_fd9fbf33-72d7-4e99-a0fc-0221df0c60ce_2,,,,,,,,,,,,,,,,,,
1612451199.956,container_cpu_cfs_throttled_seconds_total,webserver,https-metrics,192.168.65.3:10250,kubelet,sandbox,docker-desktop,sandbox-deployment-8745b9b79-sstlc,prometheus-kube-prometheus-kubelet,0.5267539,/kubepods/kubepods/burstable/pod77e75d4a-2799-48b5-bef2-d520550d2c0f/a4cebdb0228aa776d7290c6826c57c9117f681b6160d5150ed60d3b04350659e,sha256:32f9c4bd2e3cac9cb5ec446866ddd30ec44e8de5af00e2800991bfbd0ce0b4d0,/metrics/cadvisor,k8s_webserver_sandbox-deployment-8745b9b79-sstlc_sandbox_77e75d4a-2799-48b5-bef2-d520550d2c0f_0,,,,,,,,,,,,,,,,,,
1612451219.128,container_cpu_cfs_throttled_seconds_total,webserver,https-metrics,192.168.65.3:10250,kubelet,sandbox,docker-desktop,sandbox-deployment-8745b9b79-sstlc,prometheus-kube-prometheus-kubelet,0.5267539,/kubepods/kubepods/burstable/pod77e75d4a-2799-48b5-bef2-d520550d2c0f/a4cebdb0228aa776d7290c6826c57c9117f681b6160d5150ed60d3b04350659e,sha256:32f9c4bd2e3cac9cb5ec446866ddd30ec44e8de5af00e2800991bfbd0ce0b4d0,/metrics/cadvisor,k8s_webserver_sandbox-deployment-8745b9b79-sstlc_sandbox_77e75d4a-2799-48b5-bef2-d520550d2c0f_0,,,,,,,,,,,,,,,,,,
1612451234.029,container_cpu_cfs_throttled_seconds_total,webserver,https-metrics,192.168.65.3:10250,kubelet,sandbox,docker-desktop,sandbox-deployment-7b7967b898-xthbp,prometheus-kube-prometheus-kubelet,0.2336979,/kubepods/kubepods/burstable/pod96f293b9-855a-4be6-ab36-8674f15be59b/2ef13780d1fb725bad54fc832656d4029a70ab24e2d849ac19a15d4dd215e542,sha256:32f9c4bd2e3cac9cb5ec446866ddd30ec44e8de5af00e2800991bfbd0ce0b4d0,/metrics/cadvisor,k8s_webserver_sandbox-deployment-7b7967b898-xthbp_sandbox_96f293b9-855a-4be6-ab36-8674f15be59b_0,,,,,,,,,,,,,,,,,,
1612451253.299,container_cpu_cfs_throttled_seconds_total,webserver,https-metrics,192.168.65.3:10250,kubelet,sandbox,docker-desktop,sandbox-deployment-7b7967b898-xthbp,prometheus-kube-prometheus-kubelet,0.2336979,/kubepods/kubepods/burstable/pod96f293b9-855a-4be6-ab36-8674f15be59b/2ef13780d1fb725bad54fc832656d4029a70ab24e2d849ac19a15d4dd215e542,sha256:32f9c4bd2e3cac9cb5ec446866ddd30ec44e8de5af00e2800991bfbd0ce0b4d0,/metrics/cadvisor,k8s_webserver_sandbox-deployment-7b7967b898-xthbp_sandbox_96f293b9-855a-4be6-ab36-8674f15be59b_0,,,,,,,,,,,,,,,,,,
1612451292.979,container_cpu_cfs_throttled_seconds_total,webserver,https-metrics,192.168.65.3:10250,kubelet,sandbox,docker-desktop,sandbox-deployment-7b7967b898-xthbp,prometheus-kube-prometheus-kubelet,0.2336979,/kubepods/kubepods/burstable/pod96f293b9-855a-4be6-ab36-8674f15be59b/2ef13780d1fb725bad54fc832656d4029a70ab24e2d849ac19a15d4dd215e542,sha256:32f9c4bd2e3cac9cb5ec446866ddd30ec44e8de5af00e2800991bfbd0ce0b4d0,/metrics/cadvisor,k8s_webserver_sandbox-deployment-7b7967b898-xthbp_sandbox_96f293b9-855a-4be6-ab36-8674f15be59b_0,,,,,,,,,,,,,,,,,,
1612451190.71,container_cpu_cfs_throttled_seconds_total,webserver,https-metrics,192.168.65.3:10250,kubelet,sandbox,docker-desktop,sandbox-deployment-8745b9b79-lzhf6,prometheus-kube-prometheus-kubelet,0.5610772,/kubepods/kubepods/burstable/poddf7f9d83-d852-43a8-b263-29e5f4208a79/9e0c69c6060ed7cf87a694752e9ec7e39d329d7c64a073f27d8b476a054b4483,sha256:32f9c4bd2e3cac9cb5ec446866ddd30ec44e8de5af00e2800991bfbd0ce0b4d0,/metrics/cadvisor,k8s_webserver_sandbox-deployment-8745b9b79-lzhf6_sandbox_df7f9d83-d852-43a8-b263-29e5f4208a79_0,,,,,,,,,,,,,,,,,,
1612451224.785,container_cpu_cfs_throttled_seconds_total,webserver,https-metrics,192.168.65.3:10250,kubelet,sandbox,docker-desktop,sandbox-deployment-8745b9b79-lzhf6,prometheus-kube-prometheus-kubelet,0.5610772,/kubepods/kubepods/burstable/poddf7f9d83-d852-43a8-b263-29e5f4208a79/9e0c69c6060ed7cf87a694752e9ec7e39d329d7c64a073f27d8b476a054b4483,sha256:32f9c4bd2e3cac9cb5ec446866ddd30ec44e8de5af00e2800991bfbd0ce0b4d0,/metrics/cadvisor,k8s_webserver_sandbox-deployment-8745b9b79-lzhf6_sandbox_df7f9d83-d852-43a8-b263-29e5f4208a79_0,,,,,,,,,,,,,,,,,,
1612451214.232,kube_deployment_spec_replicas,kube-state-metrics,http,10.1.2.17:8080,kube-state-metrics,kube-system,,prometheus-kube-state-metrics-95d956569-8dzn8,prometheus-kube-state-metrics,2,,,,,coredns,,,,,,,,,,,,,,,,,
1612451244.232,kube_deployment_spec_replicas,kube-state-metrics,http,10.1.2.17:8080,kube-state-metrics,kube-system,,prometheus-kube-state-metrics-95d956569-8dzn8,prometheus-kube-state-metrics,2,,,,,coredns,,,,,,,,,,,,,,,,,
1612451274.232,kube_deployment_spec_replicas,kube-state-metrics,http,10.1.2.17:8080,kube-state-metrics,kube-system,,prometheus-kube-state-metrics-95d956569-8dzn8,prometheus-kube-state-metrics,2,,,,,coredns,,,,,,,,,,,,,,,,,
1612451304.232,kube_deployment_spec_replicas,kube-state-metrics,http,10.1.2.17:8080,kube-state-metrics,kube-system,,prometheus-kube-state-metrics-95d956569-8dzn8,prometheus-kube-state-metrics,2,,,,,coredns,,,,,,,,,,,,,,,,,
1612451214.232,kube_deployment_spec_replicas,kube-state-metrics,http,10.1.2.17:8080,kube-state-metrics,linkerd,,prometheus-kube-state-metrics-95d956569-8dzn8,prometheus-kube-state-metrics,1,,,,,linkerd-controller,,,,,,,,,,,,,,,,,
1612451244.232,kube_deployment_spec_replicas,kube-state-metrics,http,10.1.2.17:8080,kube-state-metrics,linkerd,,prometheus-kube-state-metrics-95d956569-8dzn8,prometheus-kube-state-metrics,1,,,,,linkerd-controller,,,,,,,,,,,,,,,,,
1612451274.232,kube_deployment_spec_replicas,kube-state-metrics,http,10.1.2.17:8080,kube-state-metrics,linkerd,,prometheus-kube-state-metrics-95d956569-8dzn8,prometheus-kube-state-metrics,1,,,,,linkerd-controller,,,,,,,,,,,,,,,,,
1612451304.232,kube_deployment_spec_replicas,kube-state-metrics,http,10.1.2.17:8080,kube-state-metrics,linkerd,,prometheus-kube-state-metrics-95d956569-8dzn8,prometheus-kube-state-metrics,1,,,,,linkerd-controller,,,,,,,,,,,,,,,,,
1612451214.232,kube_deployment_spec_replicas,kube-state-metrics,http,10.1.2.17:8080,kube-state-metrics,linkerd,,prometheus-kube-state-metrics-95d956569-8dzn8,prometheus-kube-state-metrics,1,,,,,linkerd-destination,,,,,,,,,,,,,,,,,
1612451244.232,kube_deployment_spec_replicas,kube-state-metrics,http,10.1.2.17:8080,kube-state-metrics,linkerd,,prometheus-kube-state-metrics-95d956569-8dzn8,prometheus-kube-state-metrics,1,,,,,linkerd-destination,,,,,,,,,,,,,,,,,
1612451274.232,kube_deployment_spec_replicas,kube-state-metrics,http,10.1.2.17:8080,kube-state-metrics,linkerd,,prometheus-kube-state-metrics-95d956569-8dzn8,prometheus-kube-state-metrics,1,,,,,linkerd-destination,,,,,,,,,,,,,,,,,
1612451304.232,kube_deployment_spec_replicas,kube-state-metrics,http,10.1.2.17:8080,kube-state-metrics,linkerd,,prometheus-kube-state-metrics-95d956569-8dzn8,prometheus-kube-state-metrics,1,,,,,linkerd-destination,,,,,,,,,,,,,,,,,
1612451214.232,kube_deployment_spec_replicas,kube-state-metrics,http,10.1.2.17:8080,kube-state-metrics,linkerd,,prometheus-kube-state-metrics-95d956569-8dzn8,prometheus-kube-state-metrics,1,,,,,linkerd-grafana,,,,,,,,,,,,,,,,,
1612451244.232,kube_deployment_spec_replicas,kube-state-metrics,http,10.1.2.17:8080,kube-state-metrics,linkerd,,prometheus-kube-state-metrics-95d956569-8dzn8,prometheus-kube-state-metrics,1,,,,,linkerd-grafana,,,,,,,,,,,,,,,,,
1612451274.232,kube_deployment_spec_replicas,kube-state-metrics,http,10.1.2.17:8080,kube-state-metrics,linkerd,,prometheus-kube-state-metrics-95d956569-8dzn8,prometheus-kube-state-metrics,1,,,,,linkerd-grafana,,,,,,,,,,,,,,,,,
1612451304.232,kube_deployment_spec_replicas,kube-state-metrics,http,10.1.2.17:8080,kube-state-metrics,linkerd,,prometheus-kube-state-metrics-95d956569-8dzn8,prometheus-kube-state-metrics,1,,,,,linkerd-grafana,,,,,,,,,,,,,,,,,
1612451214.232,kube_deployment_spec_replicas,kube-state-metrics,http,10.1.2.17:8080,kube-state-metrics,linkerd,,prometheus-kube-state-metrics-95d956569-8dzn8,prometheus-kube-state-metrics,1,,,,,linkerd-identity,,,,,,,,,,,,,,,,,
1612451244.232,kube_deployment_spec_replicas,kube-state-metrics,http,10.1.2.17:8080,kube-state-metrics,linkerd,,prometheus-kube-state-metrics-95d956569-8dzn8,prometheus-kube-state-metrics,1,,,,,linkerd-identity,,,,,,,,,,,,,,,,,
1612451274.232,kube_deployment_spec_replicas,kube-state-metrics,http,10.1.2.17:8080,kube-state-metrics,linkerd,,prometheus-kube-state-metrics-95d956569-8dzn8,prometheus-kube-state-metrics,1,,,,,linkerd-identity,,,,,,,,,,,,,,,,,
1612451304.232,kube_deployment_spec_replicas,kube-state-metrics,http,10.1.2.17:8080,kube-state-metrics,linkerd,,prometheus-kube-state-metrics-95d956569-8dzn8,prometheus-kube-state-metrics,1,,,,,linkerd-identity,,,,,,,,,,,,,,,,,
1612451214.232,kube_deployment_spec_replicas,kube-state-metrics,http,10.1.2.17:8080,kube-state-metrics,linkerd,,prometheus-kube-state-metrics-95d956569-8dzn8,prometheus-kube-state-metrics,1,,,,,linkerd-prometheus,,,,,,,,,,,,,,,,,
1612451244.232,kube_deployment_spec_replicas,kube-state-metrics,http,10.1.2.17:8080,kube-state-metrics,linkerd,,prometheus-kube-state-metrics-95d956569-8dzn8,prometheus-kube-state-metrics,1,,,,,linkerd-prometheus,,,,,,,,,,,,,,,,,
1612451274.232,kube_deployment_spec_replicas,kube-state-metrics,http,10.1.2.17:8080,kube-state-metrics,linkerd,,prometheus-kube-state-metrics-95d956569-8dzn8,prometheus-kube-state-metrics,1,,,,,linkerd-prometheus,,,,,,,,,,,,,,,,,
1612451304.232,kube_deployment_spec_replicas,kube-state-metrics,http,10.1.2.17:8080,kube-state-metrics,linkerd,,prometheus-kube-state-metrics-95d956569-8dzn8,prometheus-kube-state-metrics,1,,,,,linkerd-prometheus,,,,,,,,,,,,,,,,,
1612451214.232,kube_deployment_spec_replicas,kube-state-metrics,http,10.1.2.17:8080,kube-state-metrics,linkerd,,prometheus-kube-state-metrics-95d956569-8dzn8,prometheus-kube-state-metrics,1,,,,,linkerd-proxy-injector,,,,,,,,,,,,,,,,,
1612451244.232,kube_deployment_spec_replicas,kube-state-metrics,http,10.1.2.17:8080,kube-state-metrics,linkerd,,prometheus-kube-state-metrics-95d956569-8dzn8,prometheus-kube-state-metrics,1,,,,,linkerd-proxy-injector,,,,,,,,,,,,,,,,,
1612451274.232,kube_deployment_spec_replicas,kube-state-metrics,http,10.1.2.17:8080,kube-state-metrics,linkerd,,prometheus-kube-state-metrics-95d956569-8dzn8,prometheus-kube-state-metrics,1,,,,,linkerd-proxy-injector,,,,,,,,,,,,,,,,,
1612451304.232,kube_deployment_spec_replicas,kube-state-metrics,http,10.1.2.17:8080,kube-state-metrics,linkerd,,prometheus-kube-state-metrics-95d956569-8dzn8,prometheus-kube-state-metrics,1,,,,,linkerd-proxy-injector,,,,,,,,,,,,,,,,,
1612451214.232,kube_deployment_spec_replicas,kube-state-metrics,http,10.1.2.17:8080,kube-state-metrics,linkerd,,prometheus-kube-state-metrics-95d956569-8dzn8,prometheus-kube-state-metrics,1,,,,,linkerd-sp-validator,,,,,,,,,,,,,,,,,
1612451244.232,kube_deployment_spec_replicas,kube-state-metrics,http,10.1.2.17:8080,kube-state-metrics,linkerd,,prometheus-kube-state-metrics-95d956569-8dzn8,prometheus-kube-state-metrics,1,,,,,linkerd-sp-validator,,,,,,,,,,,,,,,,,
1612451274.232,kube_deployment_spec_replicas,kube-state-metrics,http,10.1.2.17:8080,kube-state-metrics,linkerd,,prometheus-kube-state-metrics-95d956569-8dzn8,prometheus-kube-state-metrics,1,,,,,linkerd-sp-validator,,,,,,,,,,,,,,,,,
1612451304.232,kube_deployment_spec_replicas,kube-state-metrics,http,10.1.2.17:8080,kube-state-metrics,linkerd,,prometheus-kube-state-metrics-95d956569-8dzn8,prometheus-kube-state-metrics,1,,,,,linkerd-sp-validator,,,,,,,,,,,,,,,,,
1612451214.232,kube_deployment_spec_replicas,kube-state-metrics,http,10.1.2.17:8080,kube-state-metrics,linkerd,,prometheus-kube-state-metrics-95d956569-8dzn8,prometheus-kube-state-metrics,1,,,,,linkerd-tap,,,,,,,,,,,,,,,,,
1612451244.232,kube_deployment_spec_replicas,kube-state-metrics,http,10.1.2.17:8080,kube-state-metrics,linkerd,,prometheus-kube-state-metrics-95d956569-8dzn8,prometheus-kube-state-metrics,1,,,,,linkerd-tap,,,,,,,,,,,,,,,,,
1612451274.232,kube_deployment_spec_replicas,kube-state-metrics,http,10.1.2.17:8080,kube-state-metrics,linkerd,,prometheus-kube-state-metrics-95d956569-8dzn8,prometheus-kube-state-metrics,1,,,,,linkerd-tap,,,,,,,,,,,,,,,,,
1612451304.232,kube_deployment_spec_replicas,kube-state-metrics,http,10.1.2.17:8080,kube-state-metrics,linkerd,,prometheus-kube-state-metrics-95d956569-8dzn8,prometheus-kube-state-metrics,1,,,,,linkerd-tap,,,,,,,,,,,,,,,,,
1612451214.232,kube_deployment_spec_replicas,kube-state-metrics,http,10.1.2.17:8080,kube-state-metrics,linkerd,,prometheus-kube-state-metrics-95d956569-8dzn8,prometheus-kube-state-metrics,1,,,,,linkerd-web,,,,,,,,,,,,,,,,,
1612451244.232,kube_deployment_spec_replicas,kube-state-metrics,http,10.1.2.17:8080,kube-state-metrics,linkerd,,prometheus-kube-state-metrics-95d956569-8dzn8,prometheus-kube-state-metrics,1,,,,,linkerd-web,,,,,,,,,,,,,,,,,
1612451274.232,kube_deployment_spec_replicas,kube-state-metrics,http,10.1.2.17:8080,kube-state-metrics,linkerd,,prometheus-kube-state-metrics-95d956569-8dzn8,prometheus-kube-state-metrics,1,,,,,linkerd-web,,,,,,,,,,,,,,,,,
1612451304.232,kube_deployment_spec_replicas,kube-state-metrics,http,10.1.2.17:8080,kube-state-metrics,linkerd,,prometheus-kube-state-metrics-95d956569-8dzn8,prometheus-kube-state-metrics,1,,,,,linkerd-web,,,,,,,,,,,,,,,,,
1612451214.232,kube_deployment_spec_replicas,kube-state-metrics,http,10.1.2.17:8080,kube-state-metrics,default,,prometheus-kube-state-metrics-95d956569-8dzn8,prometheus-kube-state-metrics,1,,,,,prometheus-grafana,,,,,,,,,,,,,,,,,
1612451244.232,kube_deployment_spec_replicas,kube-state-metrics,http,10.1.2.17:8080,kube-state-metrics,default,,prometheus-kube-state-metrics-95d956569-8dzn8,prometheus-kube-state-metrics,1,,,,,prometheus-grafana,,,,,,,,,,,,,,,,,
1612451274.232,kube_deployment_spec_replicas,kube-state-metrics,http,10.1.2.17:8080,kube-state-metrics,default,,prometheus-kube-state-metrics-95d956569-8dzn8,prometheus-kube-state-metrics,1,,,,,prometheus-grafana,,,,,,,,,,,,,,,,,
1612451304.232,kube_deployment_spec_replicas,kube-state-metrics,http,10.1.2.17:8080,kube-state-metrics,default,,prometheus-kube-state-metrics-95d956569-8dzn8,prometheus-kube-state-metrics,1,,,,,prometheus-grafana,,,,,,,,,,,,,,,,,
1612451214.232,kube_deployment_spec_replicas,kube-state-metrics,http,10.1.2.17:8080,kube-state-metrics,default,,prometheus-kube-state-metrics-95d956569-8dzn8,prometheus-kube-state-metrics,1,,,,,prometheus-kube-prometheus-operator,,,,,,,,,,,,,,,,,
1612451244.232,kube_deployment_spec_replicas,kube-state-metrics,http,10.1.2.17:8080,kube-state-metrics,default,,prometheus-kube-state-metrics-95d956569-8dzn8,prometheus-kube-state-metrics,1,,,,,prometheus-kube-prometheus-operator,,,,,,,,,,,,,,,,,
1612451274.232,kube_deployment_spec_replicas,kube-state-metrics,http,10.1.2.17:8080,kube-state-metrics,default,,prometheus-kube-state-metrics-95d956569-8dzn8,prometheus-kube-state-metrics,1,,,,,prometheus-kube-prometheus-operator,,,,,,,,,,,,,,,,,
1612451304.232,kube_deployment_spec_replicas,kube-state-metrics,http,10.1.2.17:8080,kube-state-metrics,default,,prometheus-kube-state-metrics-95d956569-8dzn8,prometheus-kube-state-metrics,1,,,,,prometheus-kube-prometheus-operator,,,,,,,,,,,,,,,,,
1612451214.232,kube_deployment_spec_replicas,kube-state-metrics,http,10.1.2.17:8080,kube-state-metrics,default,,prometheus-kube-state-metrics-95d956569-8dzn8,prometheus-kube-state-metrics,1,,,,,prometheus-kube-state-metrics,,,,,,,,,,,,,,,,,
1612451244.232,kube_deployment_spec_replicas,kube-state-metrics,http,10.1.2.17:8080,kube-state-metrics,default,,prometheus-kube-state-metrics-95d956569-8dzn8,prometheus-kube-state-metrics,1,,,,,prometheus-kube-state-metrics,,,,,,,,,,,,,,,,,
1612451274.232,kube_deployment_spec_replicas,kube-state-metrics,http,10.1.2.17:8080,kube-state-metrics,default,,prometheus-kube-state-metrics-95d956569-8dzn8,prometheus-kube-state-metrics,1,,,,,prometheus-kube-state-metrics,,,,,,,,,,,,,,,,,
1612451304.232,kube_deployment_spec_replicas,kube-state-metrics,http,10.1.2.17:8080,kube-state-metrics,default,,prometheus-kube-state-metrics-95d956569-8dzn8,prometheus-kube-state-metrics,1,,,,,prometheus-kube-state-metrics,,,,,,,,,,,,,,,,,
1612451214.232,kube_deployment_spec_replicas,kube-state-metrics,http,10.1.2.17:8080,kube-state-metrics,sandbox,,prometheus-kube-state-metrics-95d956569-8dzn8,prometheus-kube-state-metrics,2,,,,,sandbox-deployment,,,,,,,,,,,,,,,,,
1612451244.232,kube_deployment_spec_replicas,kube-state-metrics,http,10.1.2.17:8080,kube-state-metrics,sandbox,,prometheus-kube-state-metrics-95d956569-8dzn8,prometheus-kube-state-metrics,1,,,,,sandbox-deployment,,,,,,,,,,,,,,,,,
1612451274.232,kube_deployment_spec_replicas,kube-state-metrics,http,10.1.2.17:8080,kube-state-metrics,sandbox,,prometheus-kube-state-metrics-95d956569-8dzn8,prometheus-kube-state-metrics,1,,,,,sandbox-deployment,,,,,,,,,,,,,,,,,
1612451304.232,kube_deployment_spec_replicas,kube-state-metrics,http,10.1.2.17:8080,kube-state-metrics,sandbox,,prometheus-kube-state-metrics-95d956569-8dzn8,prometheus-kube-state-metrics,1,,,,,sandbox-deployment,,,,,,,,,,,,,,,,,
1612451195.185,response_latency_ms_sum,,,10.1.2.28:4191,linkerd-proxy,linkerd,,linkerd-prometheus-7cc868fc59-82qll,,12060,,,,,linkerd-prometheus,prometheus,linkerd,inbound,no_tls_from_remote,7cc868fc59,200,no_identity,linkerd,,,,,,,,,
1612451205.185,response_latency_ms_sum,,,10.1.2.28:4191,linkerd-proxy,linkerd,,linkerd-prometheus-7cc868fc59-82qll,,12060,,,,,linkerd-prometheus,prometheus,linkerd,inbound,no_tls_from_remote,7cc868fc59,200,no_identity,linkerd,,,,,,,,,
1612451215.186,response_latency_ms_sum,,,10.1.2.28:4191,linkerd-proxy,linkerd,,linkerd-prometheus-7cc868fc59-82qll,,12060,,,,,linkerd-prometheus,prometheus,linkerd,inbound,no_tls_from_remote,7cc868fc59,200,no_identity,linkerd,,,,,,,,,
1612451225.185,response_latency_ms_sum,,,10.1.2.28:4191,linkerd-proxy,linkerd,,linkerd-prometheus-7cc868fc59-82qll,,12100,,,,,linkerd-prometheus,prometheus,linkerd,inbound,no_tls_from_remote,7cc868fc59,200,no_identity,linkerd,,,,,,,,,
1612451235.185,response_latency_ms_sum,,,10.1.2.28:4191,linkerd-proxy,linkerd,,linkerd-prometheus-7cc868fc59-82qll,,12100,,,,,linkerd-prometheus,prometheus,linkerd,inbound,no_tls_from_remote,7cc868fc59,200,no_identity,linkerd,,,,,,,,,
1612451245.185,response_latency_ms_sum,,,10.1.2.28:4191,linkerd-proxy,linkerd,,linkerd-prometheus-7cc868fc59-82qll,,12100,,,,,linkerd-prometheus,prometheus,linkerd,inbound,no_tls_from_remote,7cc868fc59,200,no_identity,linkerd,,,,,,,,,
1612451255.185,response_latency_ms_sum,,,10.1.2.28:4191,linkerd-proxy,linkerd,,linkerd-prometheus-7cc868fc59-82qll,,12139,,,,,linkerd-prometheus,prometheus,linkerd,inbound,no_tls_from_remote,7cc868fc59,200,no_identity,linkerd,,,,,,,,,
1612451265.185,response_latency_ms_sum,,,10.1.2.28:4191,linkerd-proxy,linkerd,,linkerd-prometheus-7cc868fc59-82qll,,12139,,,,,linkerd-prometheus,prometheus,linkerd,inbound,no_tls_from_remote,7cc868fc59,200,no_identity,linkerd,,,,,,,,,
1612451275.185,response_latency_ms_sum,,,10.1.2.28:4191,linkerd-proxy,linkerd,,linkerd-prometheus-7cc868fc59-82qll,,12139,,,,,linkerd-prometheus,prometheus,linkerd,inbound,no_tls_from_remote,7cc868fc59,200,no_identity,linkerd,,,,,,,,,
1612451285.185,response_latency_ms_sum,,,10.1.2.28:4191,linkerd-proxy,linkerd,,linkerd-prometheus-7cc868fc59-82qll,,12180,,,,,linkerd-prometheus,prometheus,linkerd,inbound,no_tls_from_remote,7cc868fc59,200,no_identity,linkerd,,,,,,,,,
1612451295.185,response_latency_ms_sum,,,10.1.2.28:4191,linkerd-proxy,linkerd,,linkerd-prometheus-7cc868fc59-82qll,,12180,,,,,linkerd-prometheus,prometheus,linkerd,inbound,no_tls_from_remote,7cc868fc59,200,no_identity,linkerd,,,,,,,,,
1612451305.185,response_latency_ms_sum,,,10.1.2.28:4191,linkerd-proxy,linkerd,,linkerd-prometheus-7cc868fc59-82qll,,12180,,,,,linkerd-prometheus,prometheus,linkerd,inbound,no_tls_from_remote,7cc868fc59,200,no_identity,linkerd,,,,,,,,,
1612451199.002,response_latency_ms_sum,,,10.1.2.33:4191,linkerd-proxy,linkerd,,linkerd-proxy-injector-6bb795c888-kpwns,,0,,,,,linkerd-proxy-injector,proxy-injector,linkerd,inbound,no_tls_from_remote,6bb795c888,,no_identity,linkerd,,,,,,,,,
1612451209.002,response_latency_ms_sum,,,10.1.2.33:4191,linkerd-proxy,linkerd,,linkerd-proxy-injector-6bb795c888-kpwns,,0,,,,,linkerd-proxy-injector,proxy-injector,linkerd,inbound,no_tls_from_remote,6bb795c888,,no_identity,linkerd,,,,,,,,,
1612451219.002,response_latency_ms_sum,,,10.1.2.33:4191,linkerd-proxy,linkerd,,linkerd-proxy-injector-6bb795c888-kpwns,,0,,,,,linkerd-proxy-injector,proxy-injector,linkerd,inbound,no_tls_from_remote,6bb795c888,,no_identity,linkerd,,,,,,,,,
1612451229.002,response_latency_ms_sum,,,10.1.2.33:4191,linkerd-proxy,linkerd,,linkerd-proxy-injector-6bb795c888-kpwns,,0,,,,,linkerd-proxy-injector,proxy-injector,linkerd,inbound,no_tls_from_remote,6bb795c888,,no_identity,linkerd,,,,,,,,,
1612451239.002,response_latency_ms_sum,,,10.1.2.33:4191,linkerd-proxy,linkerd,,linkerd-proxy-injector-6bb795c888-kpwns,,0,,,,,linkerd-proxy-injector,proxy-injector,linkerd,inbound,no_tls_from_remote,6bb795c888,,no_identity,linkerd,,,,,,,,,
1612451249.002,response_latency_ms_sum,,,10.1.2.33:4191,linkerd-proxy,linkerd,,linkerd-proxy-injector-6bb795c888-kpwns,,0,,,,,linkerd-proxy-injector,proxy-injector,linkerd,inbound,no_tls_from_remote,6bb795c888,,no_identity,linkerd,,,,,,,,,
1612451259.002,response_latency_ms_sum,,,10.1.2.33:4191,linkerd-proxy,linkerd,,linkerd-proxy-injector-6bb795c888-kpwns,,0,,,,,linkerd-proxy-injector,proxy-injector,linkerd,inbound,no_tls_from_remote,6bb795c888,,no_identity,linkerd,,,,,,,,,
1612451269.002,response_latency_ms_sum,,,10.1.2.33:4191,linkerd-proxy,linkerd,,linkerd-proxy-injector-6bb795c888-kpwns,,0,,,,,linkerd-proxy-injector,proxy-injector,linkerd,inbound,no_tls_from_remote,6bb795c888,,no_identity,linkerd,,,,,,,,,
1612451279.002,response_latency_ms_sum,,,10.1.2.33:4191,linkerd-proxy,linkerd,,linkerd-proxy-injector-6bb795c888-kpwns,,0,,,,,linkerd-proxy-injector,proxy-injector,linkerd,inbound,no_tls_from_remote,6bb795c888,,no_identity,linkerd,,,,,,,,,
1612451289.002,response_latency_ms_sum,,,10.1.2.33:4191,linkerd-proxy,linkerd,,linkerd-proxy-injector-6bb795c888-kpwns,,0,,,,,linkerd-proxy-injector,proxy-injector,linkerd,inbound,no_tls_from_remote,6bb795c888,,no_identity,linkerd,,,,,,,,,
1612451299.002,response_latency_ms_sum,,,10.1.2.33:4191,linkerd-proxy,linkerd,,linkerd-proxy-injector-6bb795c888-kpwns,,0,,,,,linkerd-proxy-injector,proxy-injector,linkerd,inbound,no_tls_from_remote,6bb795c888,,no_identity,linkerd,,,,,,,,,
1612451309.002,response_latency_ms_sum,,,10.1.2.33:4191,linkerd-proxy,linkerd,,linkerd-proxy-injector-6bb795c888-kpwns,,0,,,,,linkerd-proxy-injector,proxy-injector,linkerd,inbound,no_tls_from_remote,6bb795c888,,no_identity,linkerd,,,,,,,,,
1612451191.709,response_latency_ms_sum,,,10.1.2.30:4191,linkerd-proxy,linkerd,,linkerd-grafana-5dc6c885c4-8kr4l,,10,,,,,linkerd-grafana,grafana,linkerd,inbound,no_tls_from_remote,5dc6c885c4,200,no_identity,linkerd,,,,,,,,,
1612451201.709,response_latency_ms_sum,,,10.1.2.30:4191,linkerd-proxy,linkerd,,linkerd-grafana-5dc6c885c4-8kr4l,,10,,,,,linkerd-grafana,grafana,linkerd,inbound,no_tls_from_remote,5dc6c885c4,200,no_identity,linkerd,,,,,,,,,
1612451211.709,response_latency_ms_sum,,,10.1.2.30:4191,linkerd-proxy,linkerd,,linkerd-grafana-5dc6c885c4-8kr4l,,10,,,,,linkerd-grafana,grafana,linkerd,inbound,no_tls_from_remote,5dc6c885c4,200,no_identity,linkerd,,,,,,,,,
1612451221.709,response_latency_ms_sum,,,10.1.2.30:4191,linkerd-proxy,linkerd,,linkerd-grafana-5dc6c885c4-8kr4l,,10,,,,,linkerd-grafana,grafana,linkerd,inbound,no_tls_from_remote,5dc6c885c4,200,no_identity,linkerd,,,,,,,,,
1612451231.708,response_latency_ms_sum,,,10.1.2.30:4191,linkerd-proxy,linkerd,,linkerd-grafana-5dc6c885c4-8kr4l,,10,,,,,linkerd-grafana,grafana,linkerd,inbound,no_tls_from_remote,5dc6c885c4,200,no_identity,linkerd,,,,,,,,,
1612451241.709,response_latency_ms_sum,,,10.1.2.30:4191,linkerd-proxy,linkerd,,linkerd-grafana-5dc6c885c4-8kr4l,,10,,,,,linkerd-grafana,grafana,linkerd,inbound,no_tls_from_remote,5dc6c885c4,200,no_identity,linkerd,,,,,,,,,
1612451251.709,response_latency_ms_sum,,,10.1.2.30:4191,linkerd-proxy,linkerd,,linkerd-grafana-5dc6c885c4-8kr4l,,10,,,,,linkerd-grafana,grafana,linkerd,inbound,no_tls_from_remote,5dc6c885c4,200,no_identity,linkerd,,,,,,,,,
1612451261.709,response_latency_ms_sum,,,10.1.2.30:4191,linkerd-proxy,linkerd,,linkerd-grafana-5dc6c885c4-8kr4l,,10,,,,,linkerd-grafana,grafana,linkerd,inbound,no_tls_from_remote,5dc6c885c4,200,no_identity,linkerd,,,,,,,,,
1612451271.709,response_latency_ms_sum,,,10.1.2.30:4191,linkerd-proxy,linkerd,,linkerd-grafana-5dc6c885c4-8kr4l,,10,,,,,linkerd-grafana,grafana,linkerd,inbound,no_tls_from_remote,5dc6c885c4,200,no_identity,linkerd,,,,,,,,,
1612451281.709,response_latency_ms_sum,,,10.1.2.30:4191,linkerd-proxy,linkerd,,linkerd-grafana-5dc6c885c4-8kr4l,,10,,,,,linkerd-grafana,grafana,linkerd,inbound,no_tls_from_remote,5dc6c885c4,200,no_identity,linkerd,,,,,,,,,
1612451291.709,response_latency_ms_sum,,,10.1.2.30:4191,linkerd-proxy,linkerd,,linkerd-grafana-5dc6c885c4-8kr4l,,10,,,,,linkerd-grafana,grafana,linkerd,inbound,no_tls_from_remote,5dc6c885c4,200,no_identity,linkerd,,,,,,,,,
1612451301.708,response_latency_ms_sum,,,10.1.2.30:4191,linkerd-proxy,linkerd,,linkerd-grafana-5dc6c885c4-8kr4l,,10,,,,,linkerd-grafana,grafana,linkerd,inbound,no_tls_from_remote,5dc6c885c4,200,no_identity,linkerd,,,,,,,,,
1612451190.413,response_latency_ms_sum,,,10.1.2.31:4191,linkerd-proxy,linkerd,,linkerd-identity-59b578f747-7dldl,,0,,,,,linkerd-identity,identity,linkerd,inbound,no_tls_from_remote,59b578f747,,no_identity,linkerd,,,,,,,,,
1612451200.413,response_latency_ms_sum,,,10.1.2.31:4191,linkerd-proxy,linkerd,,linkerd-identity-59b578f747-7dldl,,0,,,,,linkerd-identity,identity,linkerd,inbound,no_tls_from_remote,59b578f747,,no_identity,linkerd,,,,,,,,,
1612451210.413,response_latency_ms_sum,,,10.1.2.31:4191,linkerd-proxy,linkerd,,linkerd-identity-59b578f747-7dldl,,0,,,,,linkerd-identity,identity,linkerd,inbound,no_tls_from_remote,59b578f747,,no_identity,linkerd,,,,,,,,,
1612451220.413,response_latency_ms_sum,,,10.1.2.31:4191,linkerd-proxy,linkerd,,linkerd-identity-59b578f747-7dldl,,0,,,,,linkerd-identity,identity,linkerd,inbound,no_tls_from_remote,59b578f747,,no_identity,linkerd,,,,,,,,,
1612451230.413,response_latency_ms_sum,,,10.1.2.31:4191,linkerd-proxy,linkerd,,linkerd-identity-59b578f747-7dldl,,0,,,,,linkerd-identity,identity,linkerd,inbound,no_tls_from_remote,59b578f747,,no_identity,linkerd,,,,,,,,,
1612451240.413,response_latency_ms_sum,,,10.1.2.31:4191,linkerd-proxy,linkerd,,linkerd-identity-59b578f747-7dldl,,0,,,,,linkerd-identity,identity,linkerd,inbound,no_tls_from_remote,59b578f747,,no_identity,linkerd,,,,,,,,,
1612451250.413,response_latency_ms_sum,,,10.1.2.31:4191,linkerd-proxy,linkerd,,linkerd-identity-59b578f747-7dldl,,0,,,,,linkerd-identity,identity,linkerd,inbound,no_tls_from_remote,59b578f747,,no_identity,linkerd,,,,,,,,,
1612451260.413,response_latency_ms_sum,,,10.1.2.31:4191,linkerd-proxy,linkerd,,linkerd-identity-59b578f747-7dldl,,0,,,,,linkerd-identity,identity,linkerd,inbound,no_tls_from_remote,59b578f747,,no_identity,linkerd,,,,,,,,,
1612451270.413,response_latency_ms_sum,,,10.1.2.31:4191,linkerd-proxy,linkerd,,linkerd-identity-59b578f747-7dldl,,0,,,,,linkerd-identity,identity,linkerd,inbound,no_tls_from_remote,59b578f747,,no_identity,linkerd,,,,,,,,,
1612451280.413,response_latency_ms_sum,,,10.1.2.31:4191,linkerd-proxy,linkerd,,linkerd-identity-59b578f747-7dldl,,0,,,,,linkerd-identity,identity,linkerd,inbound,no_tls_from_remote,59b578f747,,no_identity,linkerd,,,,,,,,,
1612451290.413,response_latency_ms_sum,,,10.1.2.31:4191,linkerd-proxy,linkerd,,linkerd-identity-59b578f747-7dldl,,0,,,,,linkerd-identity,identity,linkerd,inbound,no_tls_from_remote,59b578f747,,no_identity,linkerd,,,,,,,,,
1612451300.413,response_latency_ms_sum,,,10.1.2.31:4191,linkerd-proxy,linkerd,,linkerd-identity-59b578f747-7dldl,,0,,,,,linkerd-identity,identity,linkerd,inbound,no_tls_from_remote,59b578f747,,no_identity,linkerd,,,,,,,,,
1612451199.131,response_latency_ms_sum,,,10.1.2.24:4191,linkerd-proxy,linkerd,,linkerd-sp-validator-6d989499d7-ch5hx,,0,,,,,linkerd-sp-validator,sp-validator,linkerd,inbound,no_tls_from_remote,6d989499d7,,no_identity,linkerd,,,,,,,,,
1612451209.131,response_latency_ms_sum,,,10.1.2.24:4191,linkerd-proxy,linkerd,,linkerd-sp-validator-6d989499d7-ch5hx,,0,,,,,linkerd-sp-validator,sp-validator,linkerd,inbound,no_tls_from_remote,6d989499d7,,no_identity,linkerd,,,,,,,,,
1612451219.131,response_latency_ms_sum,,,10.1.2.24:4191,linkerd-proxy,linkerd,,linkerd-sp-validator-6d989499d7-ch5hx,,0,,,,,linkerd-sp-validator,sp-validator,linkerd,inbound,no_tls_from_remote,6d989499d7,,no_identity,linkerd,,,,,,,,,
1612451229.131,response_latency_ms_sum,,,10.1.2.24:4191,linkerd-proxy,linkerd,,linkerd-sp-validator-6d989499d7-ch5hx,,0,,,,,linkerd-sp-validator,sp-validator,linkerd,inbound,no_tls_from_remote,6d989499d7,,no_identity,linkerd,,,,,,,,,
1612451239.131,response_latency_ms_sum,,,10.1.2.24:4191,linkerd-proxy,linkerd,,linkerd-sp-validator-6d989499d7-ch5hx,,0,,,,,linkerd-sp-validator,sp-validator,linkerd,inbound,no_tls_from_remote,6d989499d7,,no_identity,linkerd,,,,,,,,,
1612451249.131,response_latency_ms_sum,,,10.1.2.24:4191,linkerd-proxy,linkerd,,linkerd-sp-validator-6d989499d7-ch5hx,,0,,,,,linkerd-sp-validator,sp-validator,linkerd,inbound,no_tls_from_remote,6d989499d7,,no_identity,linkerd,,,,,,,,,
1612451259.131,response_latency_ms_sum,,,10.1.2.24:4191,linkerd-proxy,linkerd,,linkerd-sp-validator-6d989499d7-ch5hx,,0,,,,,linkerd-sp-validator,sp-validator,linkerd,inbound,no_tls_from_remote,6d989499d7,,no_identity,linkerd,,,,,,,,,
1612451269.131,response_latency_ms_sum,,,10.1.2.24:4191,linkerd-proxy,linkerd,,linkerd-sp-validator-6d989499d7-ch5hx,,0,,,,,linkerd-sp-validator,sp-validator,linkerd,inbound,no_tls_from_remote,6d989499d7,,no_identity,linkerd,,,,,,,,,
1612451279.131,response_latency_ms_sum,,,10.1.2.24:4191,linkerd-proxy,linkerd,,linkerd-sp-validator-6d989499d7-ch5hx,,0,,,,,linkerd-sp-validator,sp-validator,linkerd,inbound,no_tls_from_remote,6d989499d7,,no_identity,linkerd,,,,,,,,,
1612451289.131,response_latency_ms_sum,,,10.1.2.24:4191,linkerd-proxy,linkerd,,linkerd-sp-validator-6d989499d7-ch5hx,,0,,,,,linkerd-sp-validator,sp-validator,linkerd,inbound,no_tls_from_remote,6d989499d7,,no_identity,linkerd,,,,,,,,,
1612451299.131,response_latency_ms_sum,,,10.1.2.24:4191,linkerd-proxy,linkerd,,linkerd-sp-validator-6d989499d7-ch5hx,,0,,,,,linkerd-sp-validator,sp-validator,linkerd,inbound,no_tls_from_remote,6d989499d7,,no_identity,linkerd,,,,,,,,,
1612451309.131,response_latency_ms_sum,,,10.1.2.24:4191,linkerd-proxy,linkerd,,linkerd-sp-validator-6d989499d7-ch5hx,,0,,,,,linkerd-sp-validator,sp-validator,linkerd,inbound,no_tls_from_remote,6d989499d7,,no_identity,linkerd,,,,,,,,,
1612451190.14,response_latency_ms_sum,,,10.1.2.32:4191,linkerd-proxy,linkerd,,linkerd-web-5697bf7579-ptnds,,0,,,,,linkerd-web,web,linkerd,inbound,no_tls_from_remote,5697bf7579,,no_identity,linkerd,,,,,,,,,
1612451200.14,response_latency_ms_sum,,,10.1.2.32:4191,linkerd-proxy,linkerd,,linkerd-web-5697bf7579-ptnds,,0,,,,,linkerd-web,web,linkerd,inbound,no_tls_from_remote,5697bf7579,,no_identity,linkerd,,,,,,,,,
1612451210.14,response_latency_ms_sum,,,10.1.2.32:4191,linkerd-proxy,linkerd,,linkerd-web-5697bf7579-ptnds,,0,,,,,linkerd-web,web,linkerd,inbound,no_tls_from_remote,5697bf7579,,no_identity,linkerd,,,,,,,,,
1612451220.14,response_latency_ms_sum,,,10.1.2.32:4191,linkerd-proxy,linkerd,,linkerd-web-5697bf7579-ptnds,,0,,,,,linkerd-web,web,linkerd,inbound,no_tls_from_remote,5697bf7579,,no_identity,linkerd,,,,,,,,,
1612451230.14,response_latency_ms_sum,,,10.1.2.32:4191,linkerd-proxy,linkerd,,linkerd-web-5697bf7579-ptnds,,0,,,,,linkerd-web,web,linkerd,inbound,no_tls_from_remote,5697bf7579,,no_identity,linkerd,,,,,,,,,
1612451240.14,response_latency_ms_sum,,,10.1.2.32:4191,linkerd-proxy,linkerd,,linkerd-web-5697bf7579-ptnds,,0,,,,,linkerd-web,web,linkerd,inbound,no_tls_from_remote,5697bf7579,,no_identity,linkerd,,,,,,,,,
1612451250.14,response_latency_ms_sum,,,10.1.2.32:4191,linkerd-proxy,linkerd,,linkerd-web-5697bf7579-ptnds,,0,,,,,linkerd-web,web,linkerd,inbound,no_tls_from_remote,5697bf7579,,no_identity,linkerd,,,,,,,,,
1612451260.14,response_latency_ms_sum,,,10.1.2.32:4191,linkerd-proxy,linkerd,,linkerd-web-5697bf7579-ptnds,,0,,,,,linkerd-web,web,linkerd,inbound,no_tls_from_remote,5697bf7579,,no_identity,linkerd,,,,,,,,,
1612451270.14,response_latency_ms_sum,,,10.1.2.32:4191,linkerd-proxy,linkerd,,linkerd-web-5697bf7579-ptnds,,0,,,,,linkerd-web,web,linkerd,inbound,no_tls_from_remote,5697bf7579,,no_identity,linkerd,,,,,,,,,
1612451280.14,response_latency_ms_sum,,,10.1.2.32:4191,linkerd-proxy,linkerd,,linkerd-web-5697bf7579-ptnds,,0,,,,,linkerd-web,web,linkerd,inbound,no_tls_from_remote,5697bf7579,,no_identity,linkerd,,,,,,,,,
1612451290.14,response_latency_ms_sum,,,10.1.2.32:4191,linkerd-proxy,linkerd,,linkerd-web-5697bf7579-ptnds,,0,,,,,linkerd-web,web,linkerd,inbound,no_tls_from_remote,5697bf7579,,no_identity,linkerd,,,,,,,,,
1612451300.14,response_latency_ms_sum,,,10.1.2.32:4191,linkerd-proxy,linkerd,,linkerd-web-5697bf7579-ptnds,,0,,,,,linkerd-web,web,linkerd,inbound,no_tls_from_remote,5697bf7579,,no_identity,linkerd,,,,,,,,,
1612451199.131,response_latency_ms_sum,,,10.1.2.24:4191,linkerd-proxy,linkerd,,linkerd-sp-validator-6d989499d7-ch5hx,,4,,,,,linkerd-sp-validator,sp-validator,linkerd,inbound,no_tls_from_remote,6d989499d7,200,no_identity,linkerd,,,,,,,,,
1612451209.131,response_latency_ms_sum,,,10.1.2.24:4191,linkerd-proxy,linkerd,,linkerd-sp-validator-6d989499d7-ch5hx,,4,,,,,linkerd-sp-validator,sp-validator,linkerd,inbound,no_tls_from_remote,6d989499d7,200,no_identity,linkerd,,,,,,,,,
1612451219.131,response_latency_ms_sum,,,10.1.2.24:4191,linkerd-proxy,linkerd,,linkerd-sp-validator-6d989499d7-ch5hx,,4,,,,,linkerd-sp-validator,sp-validator,linkerd,inbound,no_tls_from_remote,6d989499d7,200,no_identity,linkerd,,,,,,,,,
1612451229.131,response_latency_ms_sum,,,10.1.2.24:4191,linkerd-proxy,linkerd,,linkerd-sp-validator-6d989499d7-ch5hx,,4,,,,,linkerd-sp-validator,sp-validator,linkerd,inbound,no_tls_from_remote,6d989499d7,200,no_identity,linkerd,,,,,,,,,
1612451239.131,response_latency_ms_sum,,,10.1.2.24:4191,linkerd-proxy,linkerd,,linkerd-sp-validator-6d989499d7-ch5hx,,4,,,,,linkerd-sp-validator,sp-validator,linkerd,inbound,no_tls_from_remote,6d989499d7,200,no_identity,linkerd,,,,,,,,,
1612451249.131,response_latency_ms_sum,,,10.1.2.24:4191,linkerd-proxy,linkerd,,linkerd-sp-validator-6d989499d7-ch5hx,,4,,,,,linkerd-sp-validator,sp-validator,linkerd,inbound,no_tls_from_remote,6d989499d7,200,no_identity,linkerd,,,,,,,,,
1612451259.131,response_latency_ms_sum,,,10.1.2.24:4191,linkerd-proxy,linkerd,,linkerd-sp-validator-6d989499d7-ch5hx,,4,,,,,linkerd-sp-validator,sp-validator,linkerd,inbound,no_tls_from_remote,6d989499d7,200,no_identity,linkerd,,,,,,,,,
1612451269.131,response_latency_ms_sum,,,10.1.2.24:4191,linkerd-proxy,linkerd,,linkerd-sp-validator-6d989499d7-ch5hx,,4,,,,,linkerd-sp-validator,sp-validator,linkerd,inbound,no_tls_from_remote,6d989499d7,200,no_identity,linkerd,,,,,,,,,
1612451279.131,response_latency_ms_sum,,,10.1.2.24:4191,linkerd-proxy,linkerd,,linkerd-sp-validator-6d989499d7-ch5hx,,4,,,,,linkerd-sp-validator,sp-validator,linkerd,inbound,no_tls_from_remote,6d989499d7,200,no_identity,linkerd,,,,,,,,,
1612451289.131,response_latency_ms_sum,,,10.1.2.24:4191,linkerd-proxy,linkerd,,linkerd-sp-validator-6d989499d7-ch5hx,,4,,,,,linkerd-sp-validator,sp-validator,linkerd,inbound,no_tls_from_remote,6d989499d7,200,no_identity,linkerd,,,,,,,,,
1612451299.131,response_latency_ms_sum,,,10.1.2.24:4191,linkerd-proxy,linkerd,,linkerd-sp-validator-6d989499d7-ch5hx,,4,,,,,linkerd-sp-validator,sp-validator,linkerd,inbound,no_tls_from_remote,6d989499d7,200,no_identity,linkerd,,,,,,,,,
1612451309.131,response_latency_ms_sum,,,10.1.2.24:4191,linkerd-proxy,linkerd,,linkerd-sp-validator-6d989499d7-ch5hx,,4,,,,,linkerd-sp-validator,sp-validator,linkerd,inbound,no_tls_from_remote,6d989499d7,200,no_identity,linkerd,,,,,,,,,
1612451190.413,response_latency_ms_sum,,,10.1.2.31:4191,linkerd-proxy,linkerd,,linkerd-identity-59b578f747-7dldl,,12,,,,,linkerd-identity,identity,linkerd,inbound,no_tls_from_remote,59b578f747,200,no_identity,linkerd,,,,,,,,,
1612451200.413,response_latency_ms_sum,,,10.1.2.31:4191,linkerd-proxy,linkerd,,linkerd-identity-59b578f747-7dldl,,12,,,,,linkerd-identity,identity,linkerd,inbound,no_tls_from_remote,59b578f747,200,no_identity,linkerd,,,,,,,,,
1612451210.413,response_latency_ms_sum,,,10.1.2.31:4191,linkerd-proxy,linkerd,,linkerd-identity-59b578f747-7dldl,,12,,,,,linkerd-identity,identity,linkerd,inbound,no_tls_from_remote,59b578f747,200,no_identity,linkerd,,,,,,,,,
1612451220.413,response_latency_ms_sum,,,10.1.2.31:4191,linkerd-proxy,linkerd,,linkerd-identity-59b578f747-7dldl,,12,,,,,linkerd-identity,identity,linkerd,inbound,no_tls_from_remote,59b578f747,200,no_identity,linkerd,,,,,,,,,
1612451230.413,response_latency_ms_sum,,,10.1.2.31:4191,linkerd-proxy,linkerd,,linkerd-identity-59b578f747-7dldl,,12,,,,,linkerd-identity,identity,linkerd,inbound,no_tls_from_remote,59b578f747,200,no_identity,linkerd,,,,,,,,,
1612451240.413,response_latency_ms_sum,,,10.1.2.31:4191,linkerd-proxy,linkerd,,linkerd-identity-59b578f747-7dldl,,12,,,,,linkerd-identity,identity,linkerd,inbound,no_tls_from_remote,59b578f747,200,no_identity,linkerd,,,,,,,,,
1612451250.413,response_latency_ms_sum,,,10.1.2.31:4191,linkerd-proxy,linkerd,,linkerd-identity-59b578f747-7dldl,,12,,,,,linkerd-identity,identity,linkerd,inbound,no_tls_from_remote,59b578f747,200,no_identity,linkerd,,,,,,,,,
1612451260.413,response_latency_ms_sum,,,10.1.2.31:4191,linkerd-proxy,linkerd,,linkerd-identity-59b578f747-7dldl,,12,,,,,linkerd-identity,identity,linkerd,inbound,no_tls_from_remote,59b578f747,200,no_identity,linkerd,,,,,,,,,
1612451270.413,response_latency_ms_sum,,,10.1.2.31:4191,linkerd-proxy,linkerd,,linkerd-identity-59b578f747-7dldl,,12,,,,,linkerd-identity,identity,linkerd,inbound,no_tls_from_remote,59b578f747,200,no_identity,linkerd,,,,,,,,,
1612451280.413,response_latency_ms_sum,,,10.1.2.31:4191,linkerd-proxy,linkerd,,linkerd-identity-59b578f747-7dldl,,12,,,,,linkerd-identity,identity,linkerd,inbound,no_tls_from_remote,59b578f747,200,no_identity,linkerd,,,,,,,,,
1612451290.413,response_latency_ms_sum,,,10.1.2.31:4191,linkerd-proxy,linkerd,,linkerd-identity-59b578f747-7dldl,,12,,,,,linkerd-identity,identity,linkerd,inbound,no_tls_from_remote,59b578f747,200,no_identity,linkerd,,,,,,,,,
1612451300.413,response_latency_ms_sum,,,10.1.2.31:4191,linkerd-proxy,linkerd,,linkerd-identity-59b578f747-7dldl,,12,,,,,linkerd-identity,identity,linkerd,inbound,no_tls_from_remote,59b578f747,200,no_identity,linkerd,,,,,,,,,
1612451199.002,response_latency_ms_sum,,,10.1.2.33:4191,linkerd-proxy,linkerd,,linkerd-proxy-injector-6bb795c888-kpwns,,6,,,,,linkerd-proxy-injector,proxy-injector,linkerd,inbound,no_tls_from_remote,6bb795c888,200,no_identity,linkerd,,,,,,,,,
1612451209.002,response_latency_ms_sum,,,10.1.2.33:4191,linkerd-proxy,linkerd,,linkerd-proxy-injector-6bb795c888-kpwns,,6,,,,,linkerd-proxy-injector,proxy-injector,linkerd,inbound,no_tls_from_remote,6bb795c888,200,no_identity,linkerd,,,,,,,,,
1612451219.002,response_latency_ms_sum,,,10.1.2.33:4191,linkerd-proxy,linkerd,,linkerd-proxy-injector-6bb795c888-kpwns,,6,,,,,linkerd-proxy-injector,proxy-injector,linkerd,inbound,no_tls_from_remote,6bb795c888,200,no_identity,linkerd,,,,,,,,,
1612451229.002,response_latency_ms_sum,,,10.1.2.33:4191,linkerd-proxy,linkerd,,linkerd-proxy-injector-6bb795c888-kpwns,,6,,,,,linkerd-proxy-injector,proxy-injector,linkerd,inbound,no_tls_from_remote,6bb795c888,200,no_identity,linkerd,,,,,,,,,
1612451239.002,response_latency_ms_sum,,,10.1.2.33:4191,linkerd-proxy,linkerd,,linkerd-proxy-injector-6bb795c888-kpwns,,6,,,,,linkerd-proxy-injector,proxy-injector,linkerd,inbound,no_tls_from_remote,6bb795c888,200,no_identity,linkerd,,,,,,,,,
1612451249.002,response_latency_ms_sum,,,10.1.2.33:4191,linkerd-proxy,linkerd,,linkerd-proxy-injector-6bb795c888-kpwns,,6,,,,,linkerd-proxy-injector,proxy-injector,linkerd,inbound,no_tls_from_remote,6bb795c888,200,no_identity,linkerd,,,,,,,,,
1612451259.002,response_latency_ms_sum,,,10.1.2.33:4191,linkerd-proxy,linkerd,,linkerd-proxy-injector-6bb795c888-kpwns,,6,,,,,linkerd-proxy-injector,proxy-injector,linkerd,inbound,no_tls_from_remote,6bb795c888,200,no_identity,linkerd,,,,,,,,,
1612451269.002,response_latency_ms_sum,,,10.1.2.33:4191,linkerd-proxy,linkerd,,linkerd-proxy-injector-6bb795c888-kpwns,,6,,,,,linkerd-proxy-injector,proxy-injector,linkerd,inbound,no_tls_from_remote,6bb795c888,200,no_identity,linkerd,,,,,,,,,
1612451279.002,response_latency_ms_sum,,,10.1.2.33:4191,linkerd-proxy,linkerd,,linkerd-proxy-injector-6bb795c888-kpwns,,6,,,,,linkerd-proxy-injector,proxy-injector,linkerd,inbound,no_tls_from_remote,6bb795c888,200,no_identity,linkerd,,,,,,,,,
1612451289.002,response_latency_ms_sum,,,10.1.2.33:4191,linkerd-proxy,linkerd,,linkerd-proxy-injector-6bb795c888-kpwns,,6,,,,,linkerd-proxy-injector,proxy-injector,linkerd,inbound,no_tls_from_remote,6bb795c888,200,no_identity,linkerd,,,,,,,,,
1612451299.002,response_latency_ms_sum,,,10.1.2.33:4191,linkerd-proxy,linkerd,,linkerd-proxy-injector-6bb795c888-kpwns,,6,,,,,linkerd-proxy-injector,proxy-injector,linkerd,inbound,no_tls_from_remote,6bb795c888,200,no_identity,linkerd,,,,,,,,,
1612451309.002,response_latency_ms_sum,,,10.1.2.33:4191,linkerd-proxy,linkerd,,linkerd-proxy-injector-6bb795c888-kpwns,,6,,,,,linkerd-proxy-injector,proxy-injector,linkerd,inbound,no_tls_from_remote,6bb795c888,200,no_identity,linkerd,,,,,,,,,
1612451190.14,response_latency_ms_sum,,,10.1.2.32:4191,linkerd-proxy,linkerd,,linkerd-web-5697bf7579-ptnds,,5,,,,,linkerd-web,web,linkerd,inbound,no_tls_from_remote,5697bf7579,200,no_identity,linkerd,,,,,,,,,
1612451200.14,response_latency_ms_sum,,,10.1.2.32:4191,linkerd-proxy,linkerd,,linkerd-web-5697bf7579-ptnds,,5,,,,,linkerd-web,web,linkerd,inbound,no_tls_from_remote,5697bf7579,200,no_identity,linkerd,,,,,,,,,
1612451210.14,response_latency_ms_sum,,,10.1.2.32:4191,linkerd-proxy,linkerd,,linkerd-web-5697bf7579-ptnds,,5,,,,,linkerd-web,web,linkerd,inbound,no_tls_from_remote,5697bf7579,200,no_identity,linkerd,,,,,,,,,
1612451220.14,response_latency_ms_sum,,,10.1.2.32:4191,linkerd-proxy,linkerd,,linkerd-web-5697bf7579-ptnds,,5,,,,,linkerd-web,web,linkerd,inbound,no_tls_from_remote,5697bf7579,200,no_identity,linkerd,,,,,,,,,
1612451230.14,response_latency_ms_sum,,,10.1.2.32:4191,linkerd-proxy,linkerd,,linkerd-web-5697bf7579-ptnds,,5,,,,,linkerd-web,web,linkerd,inbound,no_tls_from_remote,5697bf7579,200,no_identity,linkerd,,,,,,,,,
1612451240.14,response_latency_ms_sum,,,10.1.2.32:4191,linkerd-proxy,linkerd,,linkerd-web-5697bf7579-ptnds,,5,,,,,linkerd-web,web,linkerd,inbound,no_tls_from_remote,5697bf7579,200,no_identity,linkerd,,,,,,,,,
1612451250.14,response_latency_ms_sum,,,10.1.2.32:4191,linkerd-proxy,linkerd,,linkerd-web-5697bf7579-ptnds,,5,,,,,linkerd-web,web,linkerd,inbound,no_tls_from_remote,5697bf7579,200,no_identity,linkerd,,,,,,,,,
1612451260.14,response_latency_ms_sum,,,10.1.2.32:4191,linkerd-proxy,linkerd,,linkerd-web-5697bf7579-ptnds,,5,,,,,linkerd-web,web,linkerd,inbound,no_tls_from_remote,5697bf7579,200,no_identity,linkerd,,,,,,,,,
1612451270.14,response_latency_ms_sum,,,10.1.2.32:4191,linkerd-proxy,linkerd,,linkerd-web-5697bf7579-ptnds,,5,,,,,linkerd-web,web,linkerd,inbound,no_tls_from_remote,5697bf7579,200,no_identity,linkerd,,,,,,,,,
1612451280.14,response_latency_ms_sum,,,10.1.2.32:4191,linkerd-proxy,linkerd,,linkerd-web-5697bf7579-ptnds,,5,,,,,linkerd-web,web,linkerd,inbound,no_tls_from_remote,5697bf7579,200,no_identity,linkerd,,,,,,,,,
1612451290.14,response_latency_ms_sum,,,10.1.2.32:4191,linkerd-proxy,linkerd,,linkerd-web-5697bf7579-ptnds,,5,,,,,linkerd-web,web,linkerd,inbound,no_tls_from_remote,5697bf7579,200,no_identity,linkerd,,,,,,,,,
1612451300.14,response_latency_ms_sum,,,10.1.2.32:4191,linkerd-proxy,linkerd,,linkerd-web-5697bf7579-ptnds,,5,,,,,linkerd-web,web,linkerd,inbound,no_tls_from_remote,5697bf7579,200,no_identity,linkerd,,,,,,,,,
1612451190.413,response_latency_ms_sum,,,10.1.2.31:4191,linkerd-proxy,linkerd,,linkerd-identity-59b578f747-7dldl,,15,,,,,linkerd-identity,identity,linkerd,inbound,no_peer_id_from_remote,59b578f747,200,no_identity,linkerd,linkerd-identity-headless.linkerd.svc.cluster.local:8080,,,,,,,,
1612451200.413,response_latency_ms_sum,,,10.1.2.31:4191,linkerd-proxy,linkerd,,linkerd-identity-59b578f747-7dldl,,15,,,,,linkerd-identity,identity,linkerd,inbound,no_peer_id_from_remote,59b578f747,200,no_identity,linkerd,linkerd-identity-headless.linkerd.svc.cluster.local:8080,,,,,,,,
1612451210.413,response_latency_ms_sum,,,10.1.2.31:4191,linkerd-proxy,linkerd,,linkerd-identity-59b578f747-7dldl,,15,,,,,linkerd-identity,identity,linkerd,inbound,no_peer_id_from_remote,59b578f747,200,no_identity,linkerd,linkerd-identity-headless.linkerd.svc.cluster.local:8080,,,,,,,,
1612451220.413,response_latency_ms_sum,,,10.1.2.31:4191,linkerd-proxy,linkerd,,linkerd-identity-59b578f747-7dldl,,15,,,,,linkerd-identity,identity,linkerd,inbound,no_peer_id_from_remote,59b578f747,200,no_identity,linkerd,linkerd-identity-headless.linkerd.svc.cluster.local:8080,,,,,,,,
1612451230.413,response_latency_ms_sum,,,10.1.2.31:4191,linkerd-proxy,linkerd,,linkerd-identity-59b578f747-7dldl,,17,,,,,linkerd-identity,identity,linkerd,inbound,no_peer_id_from_remote,59b578f747,200,no_identity,linkerd,linkerd-identity-headless.linkerd.svc.cluster.local:8080,,,,,,,,
1612451240.413,response_latency_ms_sum,,,10.1.2.31:4191,linkerd-proxy,linkerd,,linkerd-identity-59b578f747-7dldl,,17,,,,,linkerd-identity,identity,linkerd,inbound,no_peer_id_from_remote,59b578f747,200,no_identity,linkerd,linkerd-identity-headless.linkerd.svc.cluster.local:8080,,,,,,,,
1612451250.413,response_latency_ms_sum,,,10.1.2.31:4191,linkerd-proxy,linkerd,,linkerd-identity-59b578f747-7dldl,,17,,,,,linkerd-identity,identity,linkerd,inbound,no_peer_id_from_remote,59b578f747,200,no_identity,linkerd,linkerd-identity-headless.linkerd.svc.cluster.local:8080,,,,,,,,
1612451260.413,response_latency_ms_sum,,,10.1.2.31:4191,linkerd-proxy,linkerd,,linkerd-identity-59b578f747-7dldl,,17,,,,,linkerd-identity,identity,linkerd,inbound,no_peer_id_from_remote,59b578f747,200,no_identity,linkerd,linkerd-identity-headless.linkerd.svc.cluster.local:8080,,,,,,,,
1612451270.413,response_latency_ms_sum,,,10.1.2.31:4191,linkerd-proxy,linkerd,,linkerd-identity-59b578f747-7dldl,,17,,,,,linkerd-identity,identity,linkerd,inbound,no_peer_id_from_remote,59b578f747,200,no_identity,linkerd,linkerd-identity-headless.linkerd.svc.cluster.local:8080,,,,,,,,
1612451280.413,response_latency_ms_sum,,,10.1.2.31:4191,linkerd-proxy,linkerd,,linkerd-identity-59b578f747-7dldl,,17,,,,,linkerd-identity,identity,linkerd,inbound,no_peer_id_from_remote,59b578f747,200,no_identity,linkerd,linkerd-identity-headless.linkerd.svc.cluster.local:8080,,,,,,,,
1612451290.413,response_latency_ms_sum,,,10.1.2.31:4191,linkerd-proxy,linkerd,,linkerd-identity-59b578f747-7dldl,,17,,,,,linkerd-identity,identity,linkerd,inbound,no_peer_id_from_remote,59b578f747,200,no_identity,linkerd,linkerd-identity-headless.linkerd.svc.cluster.local:8080,,,,,,,,
1612451300.413,response_latency_ms_sum,,,10.1.2.31:4191,linkerd-proxy,linkerd,,linkerd-identity-59b578f747-7dldl,,17,,,,,linkerd-identity,identity,linkerd,inbound,no_peer_id_from_remote,59b578f747,200,no_identity,linkerd,linkerd-identity-headless.linkerd.svc.cluster.local:8080,,,,,,,,
1612451193.251,response_latency_ms_sum,,,10.1.2.25:4191,linkerd-proxy,linkerd,,linkerd-controller-6f4c8f48c8-2t5rq,,0,,,,,linkerd-controller,controller,linkerd,inbound,no_tls_from_remote,6f4c8f48c8,,no_identity,linkerd,,,,,,,,,
1612451203.251,response_latency_ms_sum,,,10.1.2.25:4191,linkerd-proxy,linkerd,,linkerd-controller-6f4c8f48c8-2t5rq,,0,,,,,linkerd-controller,controller,linkerd,inbound,no_tls_from_remote,6f4c8f48c8,,no_identity,linkerd,,,,,,,,,
1612451213.251,response_latency_ms_sum,,,10.1.2.25:4191,linkerd-proxy,linkerd,,linkerd-controller-6f4c8f48c8-2t5rq,,0,,,,,linkerd-controller,controller,linkerd,inbound,no_tls_from_remote,6f4c8f48c8,,no_identity,linkerd,,,,,,,,,
1612451223.251,response_latency_ms_sum,,,10.1.2.25:4191,linkerd-proxy,linkerd,,linkerd-controller-6f4c8f48c8-2t5rq,,0,,,,,linkerd-controller,controller,linkerd,inbound,no_tls_from_remote,6f4c8f48c8,,no_identity,linkerd,,,,,,,,,
1612451233.251,response_latency_ms_sum,,,10.1.2.25:4191,linkerd-proxy,linkerd,,linkerd-controller-6f4c8f48c8-2t5rq,,0,,,,,linkerd-controller,controller,linkerd,inbound,no_tls_from_remote,6f4c8f48c8,,no_identity,linkerd,,,,,,,,,
1612451243.251,response_latency_ms_sum,,,10.1.2.25:4191,linkerd-proxy,linkerd,,linkerd-controller-6f4c8f48c8-2t5rq,,0,,,,,linkerd-controller,controller,linkerd,inbound,no_tls_from_remote,6f4c8f48c8,,no_identity,linkerd,,,,,,,,,
1612451253.251,response_latency_ms_sum,,,10.1.2.25:4191,linkerd-proxy,linkerd,,linkerd-controller-6f4c8f48c8-2t5rq,,0,,,,,linkerd-controller,controller,linkerd,inbound,no_tls_from_remote,6f4c8f48c8,,no_identity,linkerd,,,,,,,,,
1612451263.251,response_latency_ms_sum,,,10.1.2.25:4191,linkerd-proxy,linkerd,,linkerd-controller-6f4c8f48c8-2t5rq,,0,,,,,linkerd-controller,controller,linkerd,inbound,no_tls_from_remote,6f4c8f48c8,,no_identity,linkerd,,,,,,,,,
1612451273.251,response_latency_ms_sum,,,10.1.2.25:4191,linkerd-proxy,linkerd,,linkerd-controller-6f4c8f48c8-2t5rq,,0,,,,,linkerd-controller,controller,linkerd,inbound,no_tls_from_remote,6f4c8f48c8,,no_identity,linkerd,,,,,,,,,
1612451283.251,response_latency_ms_sum,,,10.1.2.25:4191,linkerd-proxy,linkerd,,linkerd-controller-6f4c8f48c8-2t5rq,,0,,,,,linkerd-controller,controller,linkerd,inbound,no_tls_from_remote,6f4c8f48c8,,no_identity,linkerd,,,,,,,,,
1612451293.251,response_latency_ms_sum,,,10.1.2.25:4191,linkerd-proxy,linkerd,,linkerd-controller-6f4c8f48c8-2t5rq,,0,,,,,linkerd-controller,controller,linkerd,inbound,no_tls_from_remote,6f4c8f48c8,,no_identity,linkerd,,,,,,,,,
1612451303.251,response_latency_ms_sum,,,10.1.2.25:4191,linkerd-proxy,linkerd,,linkerd-controller-6f4c8f48c8-2t5rq,,0,,,,,linkerd-controller,controller,linkerd,inbound,no_tls_from_remote,6f4c8f48c8,,no_identity,linkerd,,,,,,,,,
1612451193.251,response_latency_ms_sum,,,10.1.2.25:4191,linkerd-proxy,linkerd,,linkerd-controller-6f4c8f48c8-2t5rq,,1,,,,,linkerd-controller,controller,linkerd,inbound,no_tls_from_remote,6f4c8f48c8,200,no_identity,linkerd,,,,,,,,,
1612451203.251,response_latency_ms_sum,,,10.1.2.25:4191,linkerd-proxy,linkerd,,linkerd-controller-6f4c8f48c8-2t5rq,,1,,,,,linkerd-controller,controller,linkerd,inbound,no_tls_from_remote,6f4c8f48c8,200,no_identity,linkerd,,,,,,,,,
1612451213.251,response_latency_ms_sum,,,10.1.2.25:4191,linkerd-proxy,linkerd,,linkerd-controller-6f4c8f48c8-2t5rq,,1,,,,,linkerd-controller,controller,linkerd,inbound,no_tls_from_remote,6f4c8f48c8,200,no_identity,linkerd,,,,,,,,,
1612451223.251,response_latency_ms_sum,,,10.1.2.25:4191,linkerd-proxy,linkerd,,linkerd-controller-6f4c8f48c8-2t5rq,,1,,,,,linkerd-controller,controller,linkerd,inbound,no_tls_from_remote,6f4c8f48c8,200,no_identity,linkerd,,,,,,,,,
1612451233.251,response_latency_ms_sum,,,10.1.2.25:4191,linkerd-proxy,linkerd,,linkerd-controller-6f4c8f48c8-2t5rq,,1,,,,,linkerd-controller,controller,linkerd,inbound,no_tls_from_remote,6f4c8f48c8,200,no_identity,linkerd,,,,,,,,,
1612451243.251,response_latency_ms_sum,,,10.1.2.25:4191,linkerd-proxy,linkerd,,linkerd-controller-6f4c8f48c8-2t5rq,,1,,,,,linkerd-controller,controller,linkerd,inbound,no_tls_from_remote,6f4c8f48c8,200,no_identity,linkerd,,,,,,,,,
1612451253.251,response_latency_ms_sum,,,10.1.2.25:4191,linkerd-proxy,linkerd,,linkerd-controller-6f4c8f48c8-2t5rq,,1,,,,,linkerd-controller,controller,linkerd,inbound,no_tls_from_remote,6f4c8f48c8,200,no_identity,linkerd,,,,,,,,,
1612451263.251,response_latency_ms_sum,,,10.1.2.25:4191,linkerd-proxy,linkerd,,linkerd-controller-6f4c8f48c8-2t5rq,,1,,,,,linkerd-controller,controller,linkerd,inbound,no_tls_from_remote,6f4c8f48c8,200,no_identity,linkerd,,,,,,,,,
1612451273.251,response_latency_ms_sum,,,10.1.2.25:4191,linkerd-proxy,linkerd,,linkerd-controller-6f4c8f48c8-2t5rq,,1,,,,,linkerd-controller,controller,linkerd,inbound,no_tls_from_remote,6f4c8f48c8,200,no_identity,linkerd,,,,,,,,,
1612451283.251,response_latency_ms_sum,,,10.1.2.25:4191,linkerd-proxy,linkerd,,linkerd-controller-6f4c8f48c8-2t5rq,,1,,,,,linkerd-controller,controller,linkerd,inbound,no_tls_from_remote,6f4c8f48c8,200,no_identity,linkerd,,,,,,,,,
1612451293.251,response_latency_ms_sum,,,10.1.2.25:4191,linkerd-proxy,linkerd,,linkerd-controller-6f4c8f48c8-2t5rq,,1,,,,,linkerd-controller,controller,linkerd,inbound,no_tls_from_remote,6f4c8f48c8,200,no_identity,linkerd,,,,,,,,,
1612451303.251,response_latency_ms_sum,,,10.1.2.25:4191,linkerd-proxy,linkerd,,linkerd-controller-6f4c8f48c8-2t5rq,,1,,,,,linkerd-controller,controller,linkerd,inbound,no_tls_from_remote,6f4c8f48c8,200,no_identity,linkerd,,,,,,,,,
1612451193.251,response_latency_ms_sum,,,10.1.2.25:4191,linkerd-proxy,linkerd,,linkerd-controller-6f4c8f48c8-2t5rq,,711,,,,,linkerd-controller,controller,linkerd,inbound,,6f4c8f48c8,200,true,linkerd,,linkerd-prometheus.linkerd.serviceaccount.identity.linkerd.cluster.local,,,,,,,
1612451203.251,response_latency_ms_sum,,,10.1.2.25:4191,linkerd-proxy,linkerd,,linkerd-controller-6f4c8f48c8-2t5rq,,712,,,,,linkerd-controller,controller,linkerd,inbound,,6f4c8f48c8,200,true,linkerd,,linkerd-prometheus.linkerd.serviceaccount.identity.linkerd.cluster.local,,,,,,,
1612451213.251,response_latency_ms_sum,,,10.1.2.25:4191,linkerd-proxy,linkerd,,linkerd-controller-6f4c8f48c8-2t5rq,,713,,,,,linkerd-controller,controller,linkerd,inbound,,6f4c8f48c8,200,true,linkerd,,linkerd-prometheus.linkerd.serviceaccount.identity.linkerd.cluster.local,,,,,,,
1612451223.251,response_latency_ms_sum,,,10.1.2.25:4191,linkerd-proxy,linkerd,,linkerd-controller-6f4c8f48c8-2t5rq,,714,,,,,linkerd-controller,controller,linkerd,inbound,,6f4c8f48c8,200,true,linkerd,,linkerd-prometheus.linkerd.serviceaccount.identity.linkerd.cluster.local,,,,,,,
1612451233.251,response_latency_ms_sum,,,10.1.2.25:4191,linkerd-proxy,linkerd,,linkerd-controller-6f4c8f48c8-2t5rq,,715,,,,,linkerd-controller,controller,linkerd,inbound,,6f4c8f48c8,200,true,linkerd,,linkerd-prometheus.linkerd.serviceaccount.identity.linkerd.cluster.local,,,,,,,
1612451243.251,response_latency_ms_sum,,,10.1.2.25:4191,linkerd-proxy,linkerd,,linkerd-controller-6f4c8f48c8-2t5rq,,716,,,,,linkerd-controller,controller,linkerd,inbound,,6f4c8f48c8,200,true,linkerd,,linkerd-prometheus.linkerd.serviceaccount.identity.linkerd.cluster.local,,,,,,,
1612451253.251,response_latency_ms_sum,,,10.1.2.25:4191,linkerd-proxy,linkerd,,linkerd-controller-6f4c8f48c8-2t5rq,,717,,,,,linkerd-controller,controller,linkerd,inbound,,6f4c8f48c8,200,true,linkerd,,linkerd-prometheus.linkerd.serviceaccount.identity.linkerd.cluster.local,,,,,,,
1612451263.251,response_latency_ms_sum,,,10.1.2.25:4191,linkerd-proxy,linkerd,,linkerd-controller-6f4c8f48c8-2t5rq,,719,,,,,linkerd-controller,controller,linkerd,inbound,,6f4c8f48c8,200,true,linkerd,,linkerd-prometheus.linkerd.serviceaccount.identity.linkerd.cluster.local,,,,,,,
1612451273.251,response_latency_ms_sum,,,10.1.2.25:4191,linkerd-proxy,linkerd,,linkerd-controller-6f4c8f48c8-2t5rq,,720,,,,,linkerd-controller,controller,linkerd,inbound,,6f4c8f48c8,200,true,linkerd,,linkerd-prometheus.linkerd.serviceaccount.identity.linkerd.cluster.local,,,,,,,
1612451283.251,response_latency_ms_sum,,,10.1.2.25:4191,linkerd-proxy,linkerd,,linkerd-controller-6f4c8f48c8-2t5rq,,721,,,,,linkerd-controller,controller,linkerd,inbound,,6f4c8f48c8,200,true,linkerd,,linkerd-prometheus.linkerd.serviceaccount.identity.linkerd.cluster.local,,,,,,,
1612451293.251,response_latency_ms_sum,,,10.1.2.25:4191,linkerd-proxy,linkerd,,linkerd-controller-6f4c8f48c8-2t5rq,,722,,,,,linkerd-controller,controller,linkerd,inbound,,6f4c8f48c8,200,true,linkerd,,linkerd-prometheus.linkerd.serviceaccount.identity.linkerd.cluster.local,,,,,,,
1612451303.251,response_latency_ms_sum,,,10.1.2.25:4191,linkerd-proxy,linkerd,,linkerd-controller-6f4c8f48c8-2t5rq,,723,,,,,linkerd-controller,controller,linkerd,inbound,,6f4c8f48c8,200,true,linkerd,,linkerd-prometheus.linkerd.serviceaccount.identity.linkerd.cluster.local,,,,,,,
1612451194.335,response_latency_ms_sum,,,10.1.2.27:4191,linkerd-proxy,linkerd,,linkerd-destination-7cc4785bf6-llf5t,,0,,,,,linkerd-destination,destination,linkerd,inbound,no_tls_from_remote,7cc4785bf6,,no_identity,linkerd,,,,,,,,,
1612451204.335,response_latency_ms_sum,,,10.1.2.27:4191,linkerd-proxy,linkerd,,linkerd-destination-7cc4785bf6-llf5t,,0,,,,,linkerd-destination,destination,linkerd,inbound,no_tls_from_remote,7cc4785bf6,,no_identity,linkerd,,,,,,,,,
1612451214.335,response_latency_ms_sum,,,10.1.2.27:4191,linkerd-proxy,linkerd,,linkerd-destination-7cc4785bf6-llf5t,,0,,,,,linkerd-destination,destination,linkerd,inbound,no_tls_from_remote,7cc4785bf6,,no_identity,linkerd,,,,,,,,,
1612451224.335,response_latency_ms_sum,,,10.1.2.27:4191,linkerd-proxy,linkerd,,linkerd-destination-7cc4785bf6-llf5t,,0,,,,,linkerd-destination,destination,linkerd,inbound,no_tls_from_remote,7cc4785bf6,,no_identity,linkerd,,,,,,,,,
1612451234.335,response_latency_ms_sum,,,10.1.2.27:4191,linkerd-proxy,linkerd,,linkerd-destination-7cc4785bf6-llf5t,,0,,,,,linkerd-destination,destination,linkerd,inbound,no_tls_from_remote,7cc4785bf6,,no_identity,linkerd,,,,,,,,,
1612451244.335,response_latency_ms_sum,,,10.1.2.27:4191,linkerd-proxy,linkerd,,linkerd-destination-7cc4785bf6-llf5t,,0,,,,,linkerd-destination,destination,linkerd,inbound,no_tls_from_remote,7cc4785bf6,,no_identity,linkerd,,,,,,,,,
1612451254.335,response_latency_ms_sum,,,10.1.2.27:4191,linkerd-proxy,linkerd,,linkerd-destination-7cc4785bf6-llf5t,,0,,,,,linkerd-destination,destination,linkerd,inbound,no_tls_from_remote,7cc4785bf6,,no_identity,linkerd,,,,,,,,,
1612451264.335,response_latency_ms_sum,,,10.1.2.27:4191,linkerd-proxy,linkerd,,linkerd-destination-7cc4785bf6-llf5t,,0,,,,,linkerd-destination,destination,linkerd,inbound,no_tls_from_remote,7cc4785bf6,,no_identity,linkerd,,,,,,,,,
1612451274.335,response_latency_ms_sum,,,10.1.2.27:4191,linkerd-proxy,linkerd,,linkerd-destination-7cc4785bf6-llf5t,,0,,,,,linkerd-destination,destination,linkerd,inbound,no_tls_from_remote,7cc4785bf6,,no_identity,linkerd,,,,,,,,,
1612451284.335,response_latency_ms_sum,,,10.1.2.27:4191,linkerd-proxy,linkerd,,linkerd-destination-7cc4785bf6-llf5t,,0,,,,,linkerd-destination,destination,linkerd,inbound,no_tls_from_remote,7cc4785bf6,,no_identity,linkerd,,,,,,,,,
1612451294.335,response_latency_ms_sum,,,10.1.2.27:4191,linkerd-proxy,linkerd,,linkerd-destination-7cc4785bf6-llf5t,,0,,,,,linkerd-destination,destination,linkerd,inbound,no_tls_from_remote,7cc4785bf6,,no_identity,linkerd,,,,,,,,,
1612451304.335,response_latency_ms_sum,,,10.1.2.27:4191,linkerd-proxy,linkerd,,linkerd-destination-7cc4785bf6-llf5t,,0,,,,,linkerd-destination,destination,linkerd,inbound,no_tls_from_remote,7cc4785bf6,,no_identity,linkerd,,,,,,,,,
1612451194.335,response_latency_ms_sum,,,10.1.2.27:4191,linkerd-proxy,linkerd,,linkerd-destination-7cc4785bf6-llf5t,,9,,,,,linkerd-destination,destination,linkerd,inbound,no_tls_from_remote,7cc4785bf6,200,no_identity,linkerd,,,,,,,,,
1612451204.335,response_latency_ms_sum,,,10.1.2.27:4191,linkerd-proxy,linkerd,,linkerd-destination-7cc4785bf6-llf5t,,9,,,,,linkerd-destination,destination,linkerd,inbound,no_tls_from_remote,7cc4785bf6,200,no_identity,linkerd,,,,,,,,,
1612451214.335,response_latency_ms_sum,,,10.1.2.27:4191,linkerd-proxy,linkerd,,linkerd-destination-7cc4785bf6-llf5t,,9,,,,,linkerd-destination,destination,linkerd,inbound,no_tls_from_remote,7cc4785bf6,200,no_identity,linkerd,,,,,,,,,
1612451224.335,response_latency_ms_sum,,,10.1.2.27:4191,linkerd-proxy,linkerd,,linkerd-destination-7cc4785bf6-llf5t,,9,,,,,linkerd-destination,destination,linkerd,inbound,no_tls_from_remote,7cc4785bf6,200,no_identity,linkerd,,,,,,,,,
1612451234.335,response_latency_ms_sum,,,10.1.2.27:4191,linkerd-proxy,linkerd,,linkerd-destination-7cc4785bf6-llf5t,,9,,,,,linkerd-destination,destination,linkerd,inbound,no_tls_from_remote,7cc4785bf6,200,no_identity,linkerd,,,,,,,,,
1612451244.335,response_latency_ms_sum,,,10.1.2.27:4191,linkerd-proxy,linkerd,,linkerd-destination-7cc4785bf6-llf5t,,9,,,,,linkerd-destination,destination,linkerd,inbound,no_tls_from_remote,7cc4785bf6,200,no_identity,linkerd,,,,,,,,,
1612451254.335,response_latency_ms_sum,,,10.1.2.27:4191,linkerd-proxy,linkerd,,linkerd-destination-7cc4785bf6-llf5t,,9,,,,,linkerd-destination,destination,linkerd,inbound,no_tls_from_remote,7cc4785bf6,200,no_identity,linkerd,,,,,,,,,
1612451264.335,response_latency_ms_sum,,,10.1.2.27:4191,linkerd-proxy,linkerd,,linkerd-destination-7cc4785bf6-llf5t,,9,,,,,linkerd-destination,destination,linkerd,inbound,no_tls_from_remote,7cc4785bf6,200,no_identity,linkerd,,,,,,,,,
1612451274.335,response_latency_ms_sum,,,10.1.2.27:4191,linkerd-proxy,linkerd,,linkerd-destination-7cc4785bf6-llf5t,,9,,,,,linkerd-destination,destination,linkerd,inbound,no_tls_from_remote,7cc4785bf6,200,no_identity,linkerd,,,,,,,,,
1612451284.335,response_latency_ms_sum,,,10.1.2.27:4191,linkerd-proxy,linkerd,,linkerd-destination-7cc4785bf6-llf5t,,9,,,,,linkerd-destination,destination,linkerd,inbound,no_tls_from_remote,7cc4785bf6,200,no_identity,linkerd,,,,,,,,,
1612451294.335,response_latency_ms_sum,,,10.1.2.27:4191,linkerd-proxy,linkerd,,linkerd-destination-7cc4785bf6-llf5t,,9,,,,,linkerd-destination,destination,linkerd,inbound,no_tls_from_remote,7cc4785bf6,200,no_identity,linkerd,,,,,,,,,
1612451304.335,response_latency_ms_sum,,,10.1.2.27:4191,linkerd-proxy,linkerd,,linkerd-destination-7cc4785bf6-llf5t,,9,,,,,linkerd-destination,destination,linkerd,inbound,no_tls_from_remote,7cc4785bf6,200,no_identity,linkerd,,,,,,,,,
1612451194.335,response_latency_ms_sum,,,10.1.2.27:4191,linkerd-proxy,linkerd,,linkerd-destination-7cc4785bf6-llf5t,,0,,,,,linkerd-destination,destination,linkerd,inbound,,7cc4785bf6,200,true,linkerd,linkerd-dst-headless.linkerd.svc.cluster.local:8086,linkerd-controller.linkerd.serviceaccount.identity.linkerd.cluster.local,,,,,,,
1612451204.335,response_latency_ms_sum,,,10.1.2.27:4191,linkerd-proxy,linkerd,,linkerd-destination-7cc4785bf6-llf5t,,0,,,,,linkerd-destination,destination,linkerd,inbound,,7cc4785bf6,200,true,linkerd,linkerd-dst-headless.linkerd.svc.cluster.local:8086,linkerd-controller.linkerd.serviceaccount.identity.linkerd.cluster.local,,,,,,,
1612451214.335,response_latency_ms_sum,,,10.1.2.27:4191,linkerd-proxy,linkerd,,linkerd-destination-7cc4785bf6-llf5t,,0,,,,,linkerd-destination,destination,linkerd,inbound,,7cc4785bf6,200,true,linkerd,linkerd-dst-headless.linkerd.svc.cluster.local:8086,linkerd-controller.linkerd.serviceaccount.identity.linkerd.cluster.local,,,,,,,
1612451224.335,response_latency_ms_sum,,,10.1.2.27:4191,linkerd-proxy,linkerd,,linkerd-destination-7cc4785bf6-llf5t,,0,,,,,linkerd-destination,destination,linkerd,inbound,,7cc4785bf6,200,true,linkerd,linkerd-dst-headless.linkerd.svc.cluster.local:8086,linkerd-controller.linkerd.serviceaccount.identity.linkerd.cluster.local,,,,,,,
1612451234.335,response_latency_ms_sum,,,10.1.2.27:4191,linkerd-proxy,linkerd,,linkerd-destination-7cc4785bf6-llf5t,,0,,,,,linkerd-destination,destination,linkerd,inbound,,7cc4785bf6,200,true,linkerd,linkerd-dst-headless.linkerd.svc.cluster.local:8086,linkerd-controller.linkerd.serviceaccount.identity.linkerd.cluster.local,,,,,,,
1612451244.335,response_latency_ms_sum,,,10.1.2.27:4191,linkerd-proxy,linkerd,,linkerd-destination-7cc4785bf6-llf5t,,0,,,,,linkerd-destination,destination,linkerd,inbound,,7cc4785bf6,200,true,linkerd,linkerd-dst-headless.linkerd.svc.cluster.local:8086,linkerd-controller.linkerd.serviceaccount.identity.linkerd.cluster.local,,,,,,,
1612451254.335,response_latency_ms_sum,,,10.1.2.27:4191,linkerd-proxy,linkerd,,linkerd-destination-7cc4785bf6-llf5t,,0,,,,,linkerd-destination,destination,linkerd,inbound,,7cc4785bf6,200,true,linkerd,linkerd-dst-headless.linkerd.svc.cluster.local:8086,linkerd-controller.linkerd.serviceaccount.identity.linkerd.cluster.local,,,,,,,
1612451264.335,response_latency_ms_sum,,,10.1.2.27:4191,linkerd-proxy,linkerd,,linkerd-destination-7cc4785bf6-llf5t,,0,,,,,linkerd-destination,destination,linkerd,inbound,,7cc4785bf6,200,true,linkerd,linkerd-dst-headless.linkerd.svc.cluster.local:8086,linkerd-controller.linkerd.serviceaccount.identity.linkerd.cluster.local,,,,,,,
1612451274.335,response_latency_ms_sum,,,10.1.2.27:4191,linkerd-proxy,linkerd,,linkerd-destination-7cc4785bf6-llf5t,,0,,,,,linkerd-destination,destination,linkerd,inbound,,7cc4785bf6,200,true,linkerd,linkerd-dst-headless.linkerd.svc.cluster.local:8086,linkerd-controller.linkerd.serviceaccount.identity.linkerd.cluster.local,,,,,,,
1612451284.335,response_latency_ms_sum,,,10.1.2.27:4191,linkerd-proxy,linkerd,,linkerd-destination-7cc4785bf6-llf5t,,0,,,,,linkerd-destination,destination,linkerd,inbound,,7cc4785bf6,200,true,linkerd,linkerd-dst-headless.linkerd.svc.cluster.local:8086,linkerd-controller.linkerd.serviceaccount.identity.linkerd.cluster.local,,,,,,,
1612451294.335,response_latency_ms_sum,,,10.1.2.27:4191,linkerd-proxy,linkerd,,linkerd-destination-7cc4785bf6-llf5t,,0,,,,,linkerd-destination,destination,linkerd,inbound,,7cc4785bf6,200,true,linkerd,linkerd-dst-headless.linkerd.svc.cluster.local:8086,linkerd-controller.linkerd.serviceaccount.identity.linkerd.cluster.local,,,,,,,
1612451304.335,response_latency_ms_sum,,,10.1.2.27:4191,linkerd-proxy,linkerd,,linkerd-destination-7cc4785bf6-llf5t,,0,,,,,linkerd-destination,destination,linkerd,inbound,,7cc4785bf6,200,true,linkerd,linkerd-dst-headless.linkerd.svc.cluster.local:8086,linkerd-controller.linkerd.serviceaccount.identity.linkerd.cluster.local,,,,,,,
1612451194.335,response_latency_ms_sum,,,10.1.2.27:4191,linkerd-proxy,linkerd,,linkerd-destination-7cc4785bf6-llf5t,,0,,,,,linkerd-destination,destination,linkerd,inbound,,7cc4785bf6,200,true,linkerd,linkerd-dst-headless.linkerd.svc.cluster.local:8086,linkerd-identity.linkerd.serviceaccount.identity.linkerd.cluster.local,,,,,,,
1612451204.335,response_latency_ms_sum,,,10.1.2.27:4191,linkerd-proxy,linkerd,,linkerd-destination-7cc4785bf6-llf5t,,0,,,,,linkerd-destination,destination,linkerd,inbound,,7cc4785bf6,200,true,linkerd,linkerd-dst-headless.linkerd.svc.cluster.local:8086,linkerd-identity.linkerd.serviceaccount.identity.linkerd.cluster.local,,,,,,,
1612451214.335,response_latency_ms_sum,,,10.1.2.27:4191,linkerd-proxy,linkerd,,linkerd-destination-7cc4785bf6-llf5t,,0,,,,,linkerd-destination,destination,linkerd,inbound,,7cc4785bf6,200,true,linkerd,linkerd-dst-headless.linkerd.svc.cluster.local:8086,linkerd-identity.linkerd.serviceaccount.identity.linkerd.cluster.local,,,,,,,
1612451224.335,response_latency_ms_sum,,,10.1.2.27:4191,linkerd-proxy,linkerd,,linkerd-destination-7cc4785bf6-llf5t,,0,,,,,linkerd-destination,destination,linkerd,inbound,,7cc4785bf6,200,true,linkerd,linkerd-dst-headless.linkerd.svc.cluster.local:8086,linkerd-identity.linkerd.serviceaccount.identity.linkerd.cluster.local,,,,,,,
1612451234.335,response_latency_ms_sum,,,10.1.2.27:4191,linkerd-proxy,linkerd,,linkerd-destination-7cc4785bf6-llf5t,,0,,,,,linkerd-destination,destination,linkerd,inbound,,7cc4785bf6,200,true,linkerd,linkerd-dst-headless.linkerd.svc.cluster.local:8086,linkerd-identity.linkerd.serviceaccount.identity.linkerd.cluster.local,,,,,,,
1612451244.335,response_latency_ms_sum,,,10.1.2.27:4191,linkerd-proxy,linkerd,,linkerd-destination-7cc4785bf6-llf5t,,0,,,,,linkerd-destination,destination,linkerd,inbound,,7cc4785bf6,200,true,linkerd,linkerd-dst-headless.linkerd.svc.cluster.local:8086,linkerd-identity.linkerd.serviceaccount.identity.linkerd.cluster.local,,,,,,,
1612451254.335,response_latency_ms_sum,,,10.1.2.27:4191,linkerd-proxy,linkerd,,linkerd-destination-7cc4785bf6-llf5t,,0,,,,,linkerd-destination,destination,linkerd,inbound,,7cc4785bf6,200,true,linkerd,linkerd-dst-headless.linkerd.svc.cluster.local:8086,linkerd-identity.linkerd.serviceaccount.identity.linkerd.cluster.local,,,,,,,
1612451264.335,response_latency_ms_sum,,,10.1.2.27:4191,linkerd-proxy,linkerd,,linkerd-destination-7cc4785bf6-llf5t,,0,,,,,linkerd-destination,destination,linkerd,inbound,,7cc4785bf6,200,true,linkerd,linkerd-dst-headless.linkerd.svc.cluster.local:8086,linkerd-identity.linkerd.serviceaccount.identity.linkerd.cluster.local,,,,,,,
1612451274.335,response_latency_ms_sum,,,10.1.2.27:4191,linkerd-proxy,linkerd,,linkerd-destination-7cc4785bf6-llf5t,,0,,,,,linkerd-destination,destination,linkerd,inbound,,7cc4785bf6,200,true,linkerd,linkerd-dst-headless.linkerd.svc.cluster.local:8086,linkerd-identity.linkerd.serviceaccount.identity.linkerd.cluster.local,,,,,,,
1612451284.335,response_latency_ms_sum,,,10.1.2.27:4191,linkerd-proxy,linkerd,,linkerd-destination-7cc4785bf6-llf5t,,0,,,,,linkerd-destination,destination,linkerd,inbound,,7cc4785bf6,200,true,linkerd,linkerd-dst-headless.linkerd.svc.cluster.local:8086,linkerd-identity.linkerd.serviceaccount.identity.linkerd.cluster.local,,,,,,,
1612451294.335,response_latency_ms_sum,,,10.1.2.27:4191,linkerd-proxy,linkerd,,linkerd-destination-7cc4785bf6-llf5t,,0,,,,,linkerd-destination,destination,linkerd,inbound,,7cc4785bf6,200,true,linkerd,linkerd-dst-headless.linkerd.svc.cluster.local:8086,linkerd-identity.linkerd.serviceaccount.identity.linkerd.cluster.local,,,,,,,
1612451304.335,response_latency_ms_sum,,,10.1.2.27:4191,linkerd-proxy,linkerd,,linkerd-destination-7cc4785bf6-llf5t,,0,,,,,linkerd-destination,destination,linkerd,inbound,,7cc4785bf6,200,true,linkerd,linkerd-dst-headless.linkerd.svc.cluster.local:8086,linkerd-identity.linkerd.serviceaccount.identity.linkerd.cluster.local,,,,,,,
1612451194.335,response_latency_ms_sum,,,10.1.2.27:4191,linkerd-proxy,linkerd,,linkerd-destination-7cc4785bf6-llf5t,,11,,,,,linkerd-destination,destination,linkerd,inbound,,7cc4785bf6,200,true,linkerd,linkerd-dst-headless.linkerd.svc.cluster.local:8086,linkerd-prometheus.linkerd.serviceaccount.identity.linkerd.cluster.local,,,,,,,
1612451204.335,response_latency_ms_sum,,,10.1.2.27:4191,linkerd-proxy,linkerd,,linkerd-destination-7cc4785bf6-llf5t,,11,,,,,linkerd-destination,destination,linkerd,inbound,,7cc4785bf6,200,true,linkerd,linkerd-dst-headless.linkerd.svc.cluster.local:8086,linkerd-prometheus.linkerd.serviceaccount.identity.linkerd.cluster.local,,,,,,,
1612451214.335,response_latency_ms_sum,,,10.1.2.27:4191,linkerd-proxy,linkerd,,linkerd-destination-7cc4785bf6-llf5t,,11,,,,,linkerd-destination,destination,linkerd,inbound,,7cc4785bf6,200,true,linkerd,linkerd-dst-headless.linkerd.svc.cluster.local:8086,linkerd-prometheus.linkerd.serviceaccount.identity.linkerd.cluster.local,,,,,,,
1612451224.335,response_latency_ms_sum,,,10.1.2.27:4191,linkerd-proxy,linkerd,,linkerd-destination-7cc4785bf6-llf5t,,11,,,,,linkerd-destination,destination,linkerd,inbound,,7cc4785bf6,200,true,linkerd,linkerd-dst-headless.linkerd.svc.cluster.local:8086,linkerd-prometheus.linkerd.serviceaccount.identity.linkerd.cluster.local,,,,,,,
1612451234.335,response_latency_ms_sum,,,10.1.2.27:4191,linkerd-proxy,linkerd,,linkerd-destination-7cc4785bf6-llf5t,,11,,,,,linkerd-destination,destination,linkerd,inbound,,7cc4785bf6,200,true,linkerd,linkerd-dst-headless.linkerd.svc.cluster.local:8086,linkerd-prometheus.linkerd.serviceaccount.identity.linkerd.cluster.local,,,,,,,
1612451244.335,response_latency_ms_sum,,,10.1.2.27:4191,linkerd-proxy,linkerd,,linkerd-destination-7cc4785bf6-llf5t,,11,,,,,linkerd-destination,destination,linkerd,inbound,,7cc4785bf6,200,true,linkerd,linkerd-dst-headless.linkerd.svc.cluster.local:8086,linkerd-prometheus.linkerd.serviceaccount.identity.linkerd.cluster.local,,,,,,,
1612451254.335,response_latency_ms_sum,,,10.1.2.27:4191,linkerd-proxy,linkerd,,linkerd-destination-7cc4785bf6-llf5t,,11,,,,,linkerd-destination,destination,linkerd,inbound,,7cc4785bf6,200,true,linkerd,linkerd-dst-headless.linkerd.svc.cluster.local:8086,linkerd-prometheus.linkerd.serviceaccount.identity.linkerd.cluster.local,,,,,,,
1612451264.335,response_latency_ms_sum,,,10.1.2.27:4191,linkerd-proxy,linkerd,,linkerd-destination-7cc4785bf6-llf5t,,11,,,,,linkerd-destination,destination,linkerd,inbound,,7cc4785bf6,200,true,linkerd,linkerd-dst-headless.linkerd.svc.cluster.local:8086,linkerd-prometheus.linkerd.serviceaccount.identity.linkerd.cluster.local,,,,,,,
1612451274.335,response_latency_ms_sum,,,10.1.2.27:4191,linkerd-proxy,linkerd,,linkerd-destination-7cc4785bf6-llf5t,,11,,,,,linkerd-destination,destination,linkerd,inbound,,7cc4785bf6,200,true,linkerd,linkerd-dst-headless.linkerd.svc.cluster.local:8086,linkerd-prometheus.linkerd.serviceaccount.identity.linkerd.cluster.local,,,,,,,
1612451284.335,response_latency_ms_sum,,,10.1.2.27:4191,linkerd-proxy,linkerd,,linkerd-destination-7cc4785bf6-llf5t,,11,,,,,linkerd-destination,destination,linkerd,inbound,,7cc4785bf6,200,true,linkerd,linkerd-dst-headless.linkerd.svc.cluster.local:8086,linkerd-prometheus.linkerd.serviceaccount.identity.linkerd.cluster.local,,,,,,,
1612451294.335,response_latency_ms_sum,,,10.1.2.27:4191,linkerd-proxy,linkerd,,linkerd-destination-7cc4785bf6-llf5t,,11,,,,,linkerd-destination,destination,linkerd,inbound,,7cc4785bf6,200,true,linkerd,linkerd-dst-headless.linkerd.svc.cluster.local:8086,linkerd-prometheus.linkerd.serviceaccount.identity.linkerd.cluster.local,,,,,,,
1612451304.335,response_latency_ms_sum,,,10.1.2.27:4191,linkerd-proxy,linkerd,,linkerd-destination-7cc4785bf6-llf5t,,11,,,,,linkerd-destination,destination,linkerd,inbound,,7cc4785bf6,200,true,linkerd,linkerd-dst-headless.linkerd.svc.cluster.local:8086,linkerd-prometheus.linkerd.serviceaccount.identity.linkerd.cluster.local,,,,,,,
1612451195.185,response_latency_ms_sum,,,10.1.2.28:4191,linkerd-proxy,linkerd,,linkerd-prometheus-7cc868fc59-82qll,,178,,,,,linkerd-prometheus,prometheus,linkerd,outbound,,7cc868fc59,200,true,linkerd,10.1.2.33:4191,,linkerd,linkerd-proxy-injector,linkerd,linkerd-proxy-injector-6bb795c888-kpwns,6bb795c888,linkerd-proxy-injector,linkerd-proxy-injector.linkerd.serviceaccount.identity.linkerd.cluster.local
1612451205.185,response_latency_ms_sum,,,10.1.2.28:4191,linkerd-proxy,linkerd,,linkerd-prometheus-7cc868fc59-82qll,,179,,,,,linkerd-prometheus,prometheus,linkerd,outbound,,7cc868fc59,200,true,linkerd,10.1.2.33:4191,,linkerd,linkerd-proxy-injector,linkerd,linkerd-proxy-injector-6bb795c888-kpwns,6bb795c888,linkerd-proxy-injector,linkerd-proxy-injector.linkerd.serviceaccount.identity.linkerd.cluster.local
1612451215.186,response_latency_ms_sum,,,10.1.2.28:4191,linkerd-proxy,linkerd,,linkerd-prometheus-7cc868fc59-82qll,,180,,,,,linkerd-prometheus,prometheus,linkerd,outbound,,7cc868fc59,200,true,linkerd,10.1.2.33:4191,,linkerd,linkerd-proxy-injector,linkerd,linkerd-proxy-injector-6bb795c888-kpwns,6bb795c888,linkerd-proxy-injector,linkerd-proxy-injector.linkerd.serviceaccount.identity.linkerd.cluster.local
1612451225.185,response_latency_ms_sum,,,10.1.2.28:4191,linkerd-proxy,linkerd,,linkerd-prometheus-7cc868fc59-82qll,,181,,,,,linkerd-prometheus,prometheus,linkerd,outbound,,7cc868fc59,200,true,linkerd,10.1.2.33:4191,,linkerd,linkerd-proxy-injector,linkerd,linkerd-proxy-injector-6bb795c888-kpwns,6bb795c888,linkerd-proxy-injector,linkerd-proxy-injector.linkerd.serviceaccount.identity.linkerd.cluster.local
1612451235.185,response_latency_ms_sum,,,10.1.2.28:4191,linkerd-proxy,linkerd,,linkerd-prometheus-7cc868fc59-82qll,,182,,,,,linkerd-prometheus,prometheus,linkerd,outbound,,7cc868fc59,200,true,linkerd,10.1.2.33:4191,,linkerd,linkerd-proxy-injector,linkerd,linkerd-proxy-injector-6bb795c888-kpwns,6bb795c888,linkerd-proxy-injector,linkerd-proxy-injector.linkerd.serviceaccount.identity.linkerd.cluster.local
1612451245.185,response_latency_ms_sum,,,10.1.2.28:4191,linkerd-proxy,linkerd,,linkerd-prometheus-7cc868fc59-82qll,,183,,,,,linkerd-prometheus,prometheus,linkerd,outbound,,7cc868fc59,200,true,linkerd,10.1.2.33:4191,,linkerd,linkerd-proxy-injector,linkerd,linkerd-proxy-injector-6bb795c888-kpwns,6bb795c888,linkerd-proxy-injector,linkerd-proxy-injector.linkerd.serviceaccount.identity.linkerd.cluster.local
1612451255.185,response_latency_ms_sum,,,10.1.2.28:4191,linkerd-proxy,linkerd,,linkerd-prometheus-7cc868fc59-82qll,,184,,,,,linkerd-prometheus,prometheus,linkerd,outbound,,7cc868fc59,200,true,linkerd,10.1.2.33:4191,,linkerd,linkerd-proxy-injector,linkerd,linkerd-proxy-injector-6bb795c888-kpwns,6bb795c888,linkerd-proxy-injector,linkerd-proxy-injector.linkerd.serviceaccount.identity.linkerd.cluster.local
1612451265.185,response_latency_ms_sum,,,10.1.2.28:4191,linkerd-proxy,linkerd,,linkerd-prometheus-7cc868fc59-82qll,,185,,,,,linkerd-prometheus,prometheus,linkerd,outbound,,7cc868fc59,200,true,linkerd,10.1.2.33:4191,,linkerd,linkerd-proxy-injector,linkerd,linkerd-proxy-injector-6bb795c888-kpwns,6bb795c888,linkerd-proxy-injector,linkerd-proxy-injector.linkerd.serviceaccount.identity.linkerd.cluster.local
1612451275.185,response_latency_ms_sum,,,10.1.2.28:4191,linkerd-proxy,linkerd,,linkerd-prometheus-7cc868fc59-82qll,,186,,,,,linkerd-prometheus,prometheus,linkerd,outbound,,7cc868fc59,200,true,linkerd,10.1.2.33:4191,,linkerd,linkerd-proxy-injector,linkerd,linkerd-proxy-injector-6bb795c888-kpwns,6bb795c888,linkerd-proxy-injector,linkerd-proxy-injector.linkerd.serviceaccount.identity.linkerd.cluster.local
1612451285.185,response_latency_ms_sum,,,10.1.2.28:4191,linkerd-proxy,linkerd,,linkerd-prometheus-7cc868fc59-82qll,,187,,,,,linkerd-prometheus,prometheus,linkerd,outbound,,7cc868fc59,200,true,linkerd,10.1.2.33:4191,,linkerd,linkerd-proxy-injector,linkerd,linkerd-proxy-injector-6bb795c888-kpwns,6bb795c888,linkerd-proxy-injector,linkerd-proxy-injector.linkerd.serviceaccount.identity.linkerd.cluster.local
1612451295.185,response_latency_ms_sum,,,10.1.2.28:4191,linkerd-proxy,linkerd,,linkerd-prometheus-7cc868fc59-82qll,,188,,,,,linkerd-prometheus,prometheus,linkerd,outbound,,7cc868fc59,200,true,linkerd,10.1.2.33:4191,,linkerd,linkerd-proxy-injector,linkerd,linkerd-proxy-injector-6bb795c888-kpwns,6bb795c888,linkerd-proxy-injector,linkerd-proxy-injector.linkerd.serviceaccount.identity.linkerd.cluster.local
1612451305.185,response_latency_ms_sum,,,10.1.2.28:4191,linkerd-proxy,linkerd,,linkerd-prometheus-7cc868fc59-82qll,,189,,,,,linkerd-prometheus,prometheus,linkerd,outbound,,7cc868fc59,200,true,linkerd,10.1.2.33:4191,,linkerd,linkerd-proxy-injector,linkerd,linkerd-proxy-injector-6bb795c888-kpwns,6bb795c888,linkerd-proxy-injector,linkerd-proxy-injector.linkerd.serviceaccount.identity.linkerd.cluster.local
1612451195.185,response_latency_ms_sum,,,10.1.2.28:4191,linkerd-proxy,linkerd,,linkerd-prometheus-7cc868fc59-82qll,,744,,,,,linkerd-prometheus,prometheus,linkerd,outbound,,7cc868fc59,200,true,linkerd,10.1.2.33:9995,,linkerd,linkerd-proxy-injector,linkerd,linkerd-proxy-injector-6bb795c888-kpwns,6bb795c888,linkerd-proxy-injector,linkerd-proxy-injector.linkerd.serviceaccount.identity.linkerd.cluster.local
1612451205.185,response_latency_ms_sum,,,10.1.2.28:4191,linkerd-proxy,linkerd,,linkerd-prometheus-7cc868fc59-82qll,,745,,,,,linkerd-prometheus,prometheus,linkerd,outbound,,7cc868fc59,200,true,linkerd,10.1.2.33:9995,,linkerd,linkerd-proxy-injector,linkerd,linkerd-proxy-injector-6bb795c888-kpwns,6bb795c888,linkerd-proxy-injector,linkerd-proxy-injector.linkerd.serviceaccount.identity.linkerd.cluster.local
1612451215.186,response_latency_ms_sum,,,10.1.2.28:4191,linkerd-proxy,linkerd,,linkerd-prometheus-7cc868fc59-82qll,,746,,,,,linkerd-prometheus,prometheus,linkerd,outbound,,7cc868fc59,200,true,linkerd,10.1.2.33:9995,,linkerd,linkerd-proxy-injector,linkerd,linkerd-proxy-injector-6bb795c888-kpwns,6bb795c888,linkerd-proxy-injector,linkerd-proxy-injector.linkerd.serviceaccount.identity.linkerd.cluster.local
1612451225.185,response_latency_ms_sum,,,10.1.2.28:4191,linkerd-proxy,linkerd,,linkerd-prometheus-7cc868fc59-82qll,,747,,,,,linkerd-prometheus,prometheus,linkerd,outbound,,7cc868fc59,200,true,linkerd,10.1.2.33:9995,,linkerd,linkerd-proxy-injector,linkerd,linkerd-proxy-injector-6bb795c888-kpwns,6bb795c888,linkerd-proxy-injector,linkerd-proxy-injector.linkerd.serviceaccount.identity.linkerd.cluster.local
1612451235.185,response_latency_ms_sum,,,10.1.2.28:4191,linkerd-proxy,linkerd,,linkerd-prometheus-7cc868fc59-82qll,,748,,,,,linkerd-prometheus,prometheus,linkerd,outbound,,7cc868fc59,200,true,linkerd,10.1.2.33:9995,,linkerd,linkerd-proxy-injector,linkerd,linkerd-proxy-injector-6bb795c888-kpwns,6bb795c888,linkerd-proxy-injector,linkerd-proxy-injector.linkerd.serviceaccount.identity.linkerd.cluster.local
1612451245.185,response_latency_ms_sum,,,10.1.2.28:4191,linkerd-proxy,linkerd,,linkerd-prometheus-7cc868fc59-82qll,,749,,,,,linkerd-prometheus,prometheus,linkerd,outbound,,7cc868fc59,200,true,linkerd,10.1.2.33:9995,,linkerd,linkerd-proxy-injector,linkerd,linkerd-proxy-injector-6bb795c888-kpwns,6bb795c888,linkerd-proxy-injector,linkerd-proxy-injector.linkerd.serviceaccount.identity.linkerd.cluster.local
1612451255.185,response_latency_ms_sum,,,10.1.2.28:4191,linkerd-proxy,linkerd,,linkerd-prometheus-7cc868fc59-82qll,,750,,,,,linkerd-prometheus,prometheus,linkerd,outbound,,7cc868fc59,200,true,linkerd,10.1.2.33:9995,,linkerd,linkerd-proxy-injector,linkerd,linkerd-proxy-injector-6bb795c888-kpwns,6bb795c888,linkerd-proxy-injector,linkerd-proxy-injector.linkerd.serviceaccount.identity.linkerd.cluster.local
1612451265.185,response_latency_ms_sum,,,10.1.2.28:4191,linkerd-proxy,linkerd,,linkerd-prometheus-7cc868fc59-82qll,,752,,,,,linkerd-prometheus,prometheus,linkerd,outbound,,7cc868fc59,200,true,linkerd,10.1.2.33:9995,,linkerd,linkerd-proxy-injector,linkerd,linkerd-proxy-injector-6bb795c888-kpwns,6bb795c888,linkerd-proxy-injector,linkerd-proxy-injector.linkerd.serviceaccount.identity.linkerd.cluster.local
1612451275.185,response_latency_ms_sum,,,10.1.2.28:4191,linkerd-proxy,linkerd,,linkerd-prometheus-7cc868fc59-82qll,,753,,,,,linkerd-prometheus,prometheus,linkerd,outbound,,7cc868fc59,200,true,linkerd,10.1.2.33:9995,,linkerd,linkerd-proxy-injector,linkerd,linkerd-proxy-injector-6bb795c888-kpwns,6bb795c888,linkerd-proxy-injector,linkerd-proxy-injector.linkerd.serviceaccount.identity.linkerd.cluster.local
1612451285.185,response_latency_ms_sum,,,10.1.2.28:4191,linkerd-proxy,linkerd,,linkerd-prometheus-7cc868fc59-82qll,,754,,,,,linkerd-prometheus,prometheus,linkerd,outbound,,7cc868fc59,200,true,linkerd,10.1.2.33:9995,,linkerd,linkerd-proxy-injector,linkerd,linkerd-proxy-injector-6bb795c888-kpwns,6bb795c888,linkerd-proxy-injector,linkerd-proxy-injector.linkerd.serviceaccount.identity.linkerd.cluster.local
1612451295.185,response_latency_ms_sum,,,10.1.2.28:4191,linkerd-proxy,linkerd,,linkerd-prometheus-7cc868fc59-82qll,,755,,,,,linkerd-prometheus,prometheus,linkerd,outbound,,7cc868fc59,200,true,linkerd,10.1.2.33:9995,,linkerd,linkerd-proxy-injector,linkerd,linkerd-proxy-injector-6bb795c888-kpwns,6bb795c888,linkerd-proxy-injector,linkerd-proxy-injector.linkerd.serviceaccount.identity.linkerd.cluster.local
1612451305.185,response_latency_ms_sum,,,10.1.2.28:4191,linkerd-proxy,linkerd,,linkerd-prometheus-7cc868fc59-82qll,,756,,,,,linkerd-prometheus,prometheus,linkerd,outbound,,7cc868fc59,200,true,linkerd,10.1.2.33:9995,,linkerd,linkerd-proxy-injector,linkerd,linkerd-proxy-injector-6bb795c888-kpwns,6bb795c888,linkerd-proxy-injector,linkerd-proxy-injector.linkerd.serviceaccount.identity.linkerd.cluster.local
1612451195.185,response_latency_ms_sum,,,10.1.2.28:4191,linkerd-proxy,linkerd,,linkerd-prometheus-7cc868fc59-82qll,,127,,,,,linkerd-prometheus,prometheus,linkerd,outbound,,7cc868fc59,200,true,linkerd,10.1.2.24:4191,,linkerd,linkerd-sp-validator,linkerd,linkerd-sp-validator-6d989499d7-ch5hx,6d989499d7,linkerd-sp-validator,linkerd-sp-validator.linkerd.serviceaccount.identity.linkerd.cluster.local
1612451205.185,response_latency_ms_sum,,,10.1.2.28:4191,linkerd-proxy,linkerd,,linkerd-prometheus-7cc868fc59-82qll,,127,,,,,linkerd-prometheus,prometheus,linkerd,outbound,,7cc868fc59,200,true,linkerd,10.1.2.24:4191,,linkerd,linkerd-sp-validator,linkerd,linkerd-sp-validator-6d989499d7-ch5hx,6d989499d7,linkerd-sp-validator,linkerd-sp-validator.linkerd.serviceaccount.identity.linkerd.cluster.local
1612451215.186,response_latency_ms_sum,,,10.1.2.28:4191,linkerd-proxy,linkerd,,linkerd-prometheus-7cc868fc59-82qll,,127,,,,,linkerd-prometheus,prometheus,linkerd,outbound,,7cc868fc59,200,true,linkerd,10.1.2.24:4191,,linkerd,linkerd-sp-validator,linkerd,linkerd-sp-validator-6d989499d7-ch5hx,6d989499d7,linkerd-sp-validator,linkerd-sp-validator.linkerd.serviceaccount.identity.linkerd.cluster.local
1612451225.185,response_latency_ms_sum,,,10.1.2.28:4191,linkerd-proxy,linkerd,,linkerd-prometheus-7cc868fc59-82qll,,128,,,,,linkerd-prometheus,prometheus,linkerd,outbound,,7cc868fc59,200,true,linkerd,10.1.2.24:4191,,linkerd,linkerd-sp-validator,linkerd,linkerd-sp-validator-6d989499d7-ch5hx,6d989499d7,linkerd-sp-validator,linkerd-sp-validator.linkerd.serviceaccount.identity.linkerd.cluster.local
1612451235.185,response_latency_ms_sum,,,10.1.2.28:4191,linkerd-proxy,linkerd,,linkerd-prometheus-7cc868fc59-82qll,,128,,,,,linkerd-prometheus,prometheus,linkerd,outbound,,7cc868fc59,200,true,linkerd,10.1.2.24:4191,,linkerd,linkerd-sp-validator,linkerd,linkerd-sp-validator-6d989499d7-ch5hx,6d989499d7,linkerd-sp-validator,linkerd-sp-validator.linkerd.serviceaccount.identity.linkerd.cluster.local
1612451245.185,response_latency_ms_sum,,,10.1.2.28:4191,linkerd-proxy,linkerd,,linkerd-prometheus-7cc868fc59-82qll,,128,,,,,linkerd-prometheus,prometheus,linkerd,outbound,,7cc868fc59,200,true,linkerd,10.1.2.24:4191,,linkerd,linkerd-sp-validator,linkerd,linkerd-sp-validator-6d989499d7-ch5hx,6d989499d7,linkerd-sp-validator,linkerd-sp-validator.linkerd.serviceaccount.identity.linkerd.cluster.local
1612451255.185,response_latency_ms_sum,,,10.1.2.28:4191,linkerd-proxy,linkerd,,linkerd-prometheus-7cc868fc59-82qll,,129,,,,,linkerd-prometheus,prometheus,linkerd,outbound,,7cc868fc59,200,true,linkerd,10.1.2.24:4191,,linkerd,linkerd-sp-validator,linkerd,linkerd-sp-validator-6d989499d7-ch5hx,6d989499d7,linkerd-sp-validator,linkerd-sp-validator.linkerd.serviceaccount.identity.linkerd.cluster.local
1612451265.185,response_latency_ms_sum,,,10.1.2.28:4191,linkerd-proxy,linkerd,,linkerd-prometheus-7cc868fc59-82qll,,129,,,,,linkerd-prometheus,prometheus,linkerd,outbound,,7cc868fc59,200,true,linkerd,10.1.2.24:4191,,linkerd,linkerd-sp-validator,linkerd,linkerd-sp-validator-6d989499d7-ch5hx,6d989499d7,linkerd-sp-validator,linkerd-sp-validator.linkerd.serviceaccount.identity.linkerd.cluster.local
1612451275.185,response_latency_ms_sum,,,10.1.2.28:4191,linkerd-proxy,linkerd,,linkerd-prometheus-7cc868fc59-82qll,,129,,,,,linkerd-prometheus,prometheus,linkerd,outbound,,7cc868fc59,200,true,linkerd,10.1.2.24:4191,,linkerd,linkerd-sp-validator,linkerd,linkerd-sp-validator-6d989499d7-ch5hx,6d989499d7,linkerd-sp-validator,linkerd-sp-validator.linkerd.serviceaccount.identity.linkerd.cluster.local
1612451285.185,response_latency_ms_sum,,,10.1.2.28:4191,linkerd-proxy,linkerd,,linkerd-prometheus-7cc868fc59-82qll,,129,,,,,linkerd-prometheus,prometheus,linkerd,outbound,,7cc868fc59,200,true,linkerd,10.1.2.24:4191,,linkerd,linkerd-sp-validator,linkerd,linkerd-sp-validator-6d989499d7-ch5hx,6d989499d7,linkerd-sp-validator,linkerd-sp-validator.linkerd.serviceaccount.identity.linkerd.cluster.local
1612451295.185,response_latency_ms_sum,,,10.1.2.28:4191,linkerd-proxy,linkerd,,linkerd-prometheus-7cc868fc59-82qll,,129,,,,,linkerd-prometheus,prometheus,linkerd,outbound,,7cc868fc59,200,true,linkerd,10.1.2.24:4191,,linkerd,linkerd-sp-validator,linkerd,linkerd-sp-validator-6d989499d7-ch5hx,6d989499d7,linkerd-sp-validator,linkerd-sp-validator.linkerd.serviceaccount.identity.linkerd.cluster.local
1612451305.185,response_latency_ms_sum,,,10.1.2.28:4191,linkerd-proxy,linkerd,,linkerd-prometheus-7cc868fc59-82qll,,129,,,,,linkerd-prometheus,prometheus,linkerd,outbound,,7cc868fc59,200,true,linkerd,10.1.2.24:4191,,linkerd,linkerd-sp-validator,linkerd,linkerd-sp-validator-6d989499d7-ch5hx,6d989499d7,linkerd-sp-validator,linkerd-sp-validator.linkerd.serviceaccount.identity.linkerd.cluster.local
1612451195.185,response_latency_ms_sum,,,10.1.2.28:4191,linkerd-proxy,linkerd,,linkerd-prometheus-7cc868fc59-82qll,,309,,,,,linkerd-prometheus,prometheus,linkerd,outbound,,7cc868fc59,200,true,linkerd,10.1.2.32:4191,,linkerd,linkerd-web,linkerd,linkerd-web-5697bf7579-ptnds,5697bf7579,linkerd-web,linkerd-web.linkerd.serviceaccount.identity.linkerd.cluster.local
1612451205.185,response_latency_ms_sum,,,10.1.2.28:4191,linkerd-proxy,linkerd,,linkerd-prometheus-7cc868fc59-82qll,,309,,,,,linkerd-prometheus,prometheus,linkerd,outbound,,7cc868fc59,200,true,linkerd,10.1.2.32:4191,,linkerd,linkerd-web,linkerd,linkerd-web-5697bf7579-ptnds,5697bf7579,linkerd-web,linkerd-web.linkerd.serviceaccount.identity.linkerd.cluster.local
1612451215.186,response_latency_ms_sum,,,10.1.2.28:4191,linkerd-proxy,linkerd,,linkerd-prometheus-7cc868fc59-82qll,,310,,,,,linkerd-prometheus,prometheus,linkerd,outbound,,7cc868fc59,200,true,linkerd,10.1.2.32:4191,,linkerd,linkerd-web,linkerd,linkerd-web-5697bf7579-ptnds,5697bf7579,linkerd-web,linkerd-web.linkerd.serviceaccount.identity.linkerd.cluster.local
1612451225.185,response_latency_ms_sum,,,10.1.2.28:4191,linkerd-proxy,linkerd,,linkerd-prometheus-7cc868fc59-82qll,,311,,,,,linkerd-prometheus,prometheus,linkerd,outbound,,7cc868fc59,200,true,linkerd,10.1.2.32:4191,,linkerd,linkerd-web,linkerd,linkerd-web-5697bf7579-ptnds,5697bf7579,linkerd-web,linkerd-web.linkerd.serviceaccount.identity.linkerd.cluster.local
1612451235.185,response_latency_ms_sum,,,10.1.2.28:4191,linkerd-proxy,linkerd,,linkerd-prometheus-7cc868fc59-82qll,,311,,,,,linkerd-prometheus,prometheus,linkerd,outbound,,7cc868fc59,200,true,linkerd,10.1.2.32:4191,,linkerd,linkerd-web,linkerd,linkerd-web-5697bf7579-ptnds,5697bf7579,linkerd-web,linkerd-web.linkerd.serviceaccount.identity.linkerd.cluster.local
1612451245.185,response_latency_ms_sum,,,10.1.2.28:4191,linkerd-proxy,linkerd,,linkerd-prometheus-7cc868fc59-82qll,,312,,,,,linkerd-prometheus,prometheus,linkerd,outbound,,7cc868fc59,200,true,linkerd,10.1.2.32:4191,,linkerd,linkerd-web,linkerd,linkerd-web-5697bf7579-ptnds,5697bf7579,linkerd-web,linkerd-web.linkerd.serviceaccount.identity.linkerd.cluster.local
1612451255.185,response_latency_ms_sum,,,10.1.2.28:4191,linkerd-proxy,linkerd,,linkerd-prometheus-7cc868fc59-82qll,,313,,,,,linkerd-prometheus,prometheus,linkerd,outbound,,7cc868fc59,200,true,linkerd,10.1.2.32:4191,,linkerd,linkerd-web,linkerd,linkerd-web-5697bf7579-ptnds,5697bf7579,linkerd-web,linkerd-web.linkerd.serviceaccount.identity.linkerd.cluster.local
1612451265.185,response_latency_ms_sum,,,10.1.2.28:4191,linkerd-proxy,linkerd,,linkerd-prometheus-7cc868fc59-82qll,,314,,,,,linkerd-prometheus,prometheus,linkerd,outbound,,7cc868fc59,200,true,linkerd,10.1.2.32:4191,,linkerd,linkerd-web,linkerd,linkerd-web-5697bf7579-ptnds,5697bf7579,linkerd-web,linkerd-web.linkerd.serviceaccount.identity.linkerd.cluster.local
1612451275.185,response_latency_ms_sum,,,10.1.2.28:4191,linkerd-proxy,linkerd,,linkerd-prometheus-7cc868fc59-82qll,,315,,,,,linkerd-prometheus,prometheus,linkerd,outbound,,7cc868fc59,200,true,linkerd,10.1.2.32:4191,,linkerd,linkerd-web,linkerd,linkerd-web-5697bf7579-ptnds,5697bf7579,linkerd-web,linkerd-web.linkerd.serviceaccount.identity.linkerd.cluster.local
1612451285.185,response_latency_ms_sum,,,10.1.2.28:4191,linkerd-proxy,linkerd,,linkerd-prometheus-7cc868fc59-82qll,,315,,,,,linkerd-prometheus,prometheus,linkerd,outbound,,7cc868fc59,200,true,linkerd,10.1.2.32:4191,,linkerd,linkerd-web,linkerd,linkerd-web-5697bf7579-ptnds,5697bf7579,linkerd-web,linkerd-web.linkerd.serviceaccount.identity.linkerd.cluster.local
1612451295.185,response_latency_ms_sum,,,10.1.2.28:4191,linkerd-proxy,linkerd,,linkerd-prometheus-7cc868fc59-82qll,,315,,,,,linkerd-prometheus,prometheus,linkerd,outbound,,7cc868fc59,200,true,linkerd,10.1.2.32:4191,,linkerd,linkerd-web,linkerd,linkerd-web-5697bf7579-ptnds,5697bf7579,linkerd-web,linkerd-web.linkerd.serviceaccount.identity.linkerd.cluster.local
1612451305.185,response_latency_ms_sum,,,10.1.2.28:4191,linkerd-proxy,linkerd,,linkerd-prometheus-7cc868fc59-82qll,,315,,,,,linkerd-prometheus,prometheus,linkerd,outbound,,7cc868fc59,200,true,linkerd,10.1.2.32:4191,,linkerd,linkerd-web,linkerd,linkerd-web-5697bf7579-ptnds,5697bf7579,linkerd-web,linkerd-web.linkerd.serviceaccount.identity.linkerd.cluster.local
1612451195.185,response_latency_ms_sum,,,10.1.2.28:4191,linkerd-proxy,linkerd,,linkerd-prometheus-7cc868fc59-82qll,,37,,,,,linkerd-prometheus,prometheus,linkerd,outbound,,7cc868fc59,200,true,linkerd,10.1.2.30:4191,,linkerd,linkerd-grafana,linkerd,linkerd-grafana-5dc6c885c4-8kr4l,5dc6c885c4,linkerd-grafana,linkerd-grafana.linkerd.serviceaccount.identity.linkerd.cluster.local
1612451205.185,response_latency_ms_sum,,,10.1.2.28:4191,linkerd-proxy,linkerd,,linkerd-prometheus-7cc868fc59-82qll,,37,,,,,linkerd-prometheus,prometheus,linkerd,outbound,,7cc868fc59,200,true,linkerd,10.1.2.30:4191,,linkerd,linkerd-grafana,linkerd,linkerd-grafana-5dc6c885c4-8kr4l,5dc6c885c4,linkerd-grafana,linkerd-grafana.linkerd.serviceaccount.identity.linkerd.cluster.local
1612451215.186,response_latency_ms_sum,,,10.1.2.28:4191,linkerd-proxy,linkerd,,linkerd-prometheus-7cc868fc59-82qll,,37,,,,,linkerd-prometheus,prometheus,linkerd,outbound,,7cc868fc59,200,true,linkerd,10.1.2.30:4191,,linkerd,linkerd-grafana,linkerd,linkerd-grafana-5dc6c885c4-8kr4l,5dc6c885c4,linkerd-grafana,linkerd-grafana.linkerd.serviceaccount.identity.linkerd.cluster.local
1612451225.185,response_latency_ms_sum,,,10.1.2.28:4191,linkerd-proxy,linkerd,,linkerd-prometheus-7cc868fc59-82qll,,37,,,,,linkerd-prometheus,prometheus,linkerd,outbound,,7cc868fc59,200,true,linkerd,10.1.2.30:4191,,linkerd,linkerd-grafana,linkerd,linkerd-grafana-5dc6c885c4-8kr4l,5dc6c885c4,linkerd-grafana,linkerd-grafana.linkerd.serviceaccount.identity.linkerd.cluster.local
1612451235.185,response_latency_ms_sum,,,10.1.2.28:4191,linkerd-proxy,linkerd,,linkerd-prometheus-7cc868fc59-82qll,,37,,,,,linkerd-prometheus,prometheus,linkerd,outbound,,7cc868fc59,200,true,linkerd,10.1.2.30:4191,,linkerd,linkerd-grafana,linkerd,linkerd-grafana-5dc6c885c4-8kr4l,5dc6c885c4,linkerd-grafana,linkerd-grafana.linkerd.serviceaccount.identity.linkerd.cluster.local
1612451245.185,response_latency_ms_sum,,,10.1.2.28:4191,linkerd-proxy,linkerd,,linkerd-prometheus-7cc868fc59-82qll,,37,,,,,linkerd-prometheus,prometheus,linkerd,outbound,,7cc868fc59,200,true,linkerd,10.1.2.30:4191,,linkerd,linkerd-grafana,linkerd,linkerd-grafana-5dc6c885c4-8kr4l,5dc6c885c4,linkerd-grafana,linkerd-grafana.linkerd.serviceaccount.identity.linkerd.cluster.local
1612451255.185,response_latency_ms_sum,,,10.1.2.28:4191,linkerd-proxy,linkerd,,linkerd-prometheus-7cc868fc59-82qll,,37,,,,,linkerd-prometheus,prometheus,linkerd,outbound,,7cc868fc59,200,true,linkerd,10.1.2.30:4191,,linkerd,linkerd-grafana,linkerd,linkerd-grafana-5dc6c885c4-8kr4l,5dc6c885c4,linkerd-grafana,linkerd-grafana.linkerd.serviceaccount.identity.linkerd.cluster.local
1612451265.185,response_latency_ms_sum,,,10.1.2.28:4191,linkerd-proxy,linkerd,,linkerd-prometheus-7cc868fc59-82qll,,37,,,,,linkerd-prometheus,prometheus,linkerd,outbound,,7cc868fc59,200,true,linkerd,10.1.2.30:4191,,linkerd,linkerd-grafana,linkerd,linkerd-grafana-5dc6c885c4-8kr4l,5dc6c885c4,linkerd-grafana,linkerd-grafana.linkerd.serviceaccount.identity.linkerd.cluster.local
1612451275.185,response_latency_ms_sum,,,10.1.2.28:4191,linkerd-proxy,linkerd,,linkerd-prometheus-7cc868fc59-82qll,,38,,,,,linkerd-prometheus,prometheus,linkerd,outbound,,7cc868fc59,200,true,linkerd,10.1.2.30:4191,,linkerd,linkerd-grafana,linkerd,linkerd-grafana-5dc6c885c4-8kr4l,5dc6c885c4,linkerd-grafana,linkerd-grafana.linkerd.serviceaccount.identity.linkerd.cluster.local
1612451285.185,response_latency_ms_sum,,,10.1.2.28:4191,linkerd-proxy,linkerd,,linkerd-prometheus-7cc868fc59-82qll,,38,,,,,linkerd-prometheus,prometheus,linkerd,outbound,,7cc868fc59,200,true,linkerd,10.1.2.30:4191,,linkerd,linkerd-grafana,linkerd,linkerd-grafana-5dc6c885c4-8kr4l,5dc6c885c4,linkerd-grafana,linkerd-grafana.linkerd.serviceaccount.identity.linkerd.cluster.local
1612451295.185,response_latency_ms_sum,,,10.1.2.28:4191,linkerd-proxy,linkerd,,linkerd-prometheus-7cc868fc59-82qll,,38,,,,,linkerd-prometheus,prometheus,linkerd,outbound,,7cc868fc59,200,true,linkerd,10.1.2.30:4191,,linkerd,linkerd-grafana,linkerd,linkerd-grafana-5dc6c885c4-8kr4l,5dc6c885c4,linkerd-grafana,linkerd-grafana.linkerd.serviceaccount.identity.linkerd.cluster.local
1612451305.185,response_latency_ms_sum,,,10.1.2.28:4191,linkerd-proxy,linkerd,,linkerd-prometheus-7cc868fc59-82qll,,38,,,,,linkerd-prometheus,prometheus,linkerd,outbound,,7cc868fc59,200,true,linkerd,10.1.2.30:4191,,linkerd,linkerd-grafana,linkerd,linkerd-grafana-5dc6c885c4-8kr4l,5dc6c885c4,linkerd-grafana,linkerd-grafana.linkerd.serviceaccount.identity.linkerd.cluster.local
1612451195.185,response_latency_ms_sum,,,10.1.2.28:4191,linkerd-proxy,linkerd,,linkerd-prometheus-7cc868fc59-82qll,,334,,,,,linkerd-prometheus,prometheus,linkerd,outbound,,7cc868fc59,200,true,linkerd,10.1.2.31:4191,,linkerd,linkerd-identity,linkerd,linkerd-identity-59b578f747-7dldl,59b578f747,linkerd-identity,linkerd-identity.linkerd.serviceaccount.identity.linkerd.cluster.local
1612451205.185,response_latency_ms_sum,,,10.1.2.28:4191,linkerd-proxy,linkerd,,linkerd-prometheus-7cc868fc59-82qll,,335,,,,,linkerd-prometheus,prometheus,linkerd,outbound,,7cc868fc59,200,true,linkerd,10.1.2.31:4191,,linkerd,linkerd-identity,linkerd,linkerd-identity-59b578f747-7dldl,59b578f747,linkerd-identity,linkerd-identity.linkerd.serviceaccount.identity.linkerd.cluster.local
1612451215.186,response_latency_ms_sum,,,10.1.2.28:4191,linkerd-proxy,linkerd,,linkerd-prometheus-7cc868fc59-82qll,,336,,,,,linkerd-prometheus,prometheus,linkerd,outbound,,7cc868fc59,200,true,linkerd,10.1.2.31:4191,,linkerd,linkerd-identity,linkerd,linkerd-identity-59b578f747-7dldl,59b578f747,linkerd-identity,linkerd-identity.linkerd.serviceaccount.identity.linkerd.cluster.local
1612451225.185,response_latency_ms_sum,,,10.1.2.28:4191,linkerd-proxy,linkerd,,linkerd-prometheus-7cc868fc59-82qll,,337,,,,,linkerd-prometheus,prometheus,linkerd,outbound,,7cc868fc59,200,true,linkerd,10.1.2.31:4191,,linkerd,linkerd-identity,linkerd,linkerd-identity-59b578f747-7dldl,59b578f747,linkerd-identity,linkerd-identity.linkerd.serviceaccount.identity.linkerd.cluster.local
1612451235.185,response_latency_ms_sum,,,10.1.2.28:4191,linkerd-proxy,linkerd,,linkerd-prometheus-7cc868fc59-82qll,,338,,,,,linkerd-prometheus,prometheus,linkerd,outbound,,7cc868fc59,200,true,linkerd,10.1.2.31:4191,,linkerd,linkerd-identity,linkerd,linkerd-identity-59b578f747-7dldl,59b578f747,linkerd-identity,linkerd-identity.linkerd.serviceaccount.identity.linkerd.cluster.local
1612451245.185,response_latency_ms_sum,,,10.1.2.28:4191,linkerd-proxy,linkerd,,linkerd-prometheus-7cc868fc59-82qll,,339,,,,,linkerd-prometheus,prometheus,linkerd,outbound,,7cc868fc59,200,true,linkerd,10.1.2.31:4191,,linkerd,linkerd-identity,linkerd,linkerd-identity-59b578f747-7dldl,59b578f747,linkerd-identity,linkerd-identity.linkerd.serviceaccount.identity.linkerd.cluster.local
1612451255.185,response_latency_ms_sum,,,10.1.2.28:4191,linkerd-proxy,linkerd,,linkerd-prometheus-7cc868fc59-82qll,,340,,,,,linkerd-prometheus,prometheus,linkerd,outbound,,7cc868fc59,200,true,linkerd,10.1.2.31:4191,,linkerd,linkerd-identity,linkerd,linkerd-identity-59b578f747-7dldl,59b578f747,linkerd-identity,linkerd-identity.linkerd.serviceaccount.identity.linkerd.cluster.local
1612451265.185,response_latency_ms_sum,,,10.1.2.28:4191,linkerd-proxy,linkerd,,linkerd-prometheus-7cc868fc59-82qll,,341,,,,,linkerd-prometheus,prometheus,linkerd,outbound,,7cc868fc59,200,true,linkerd,10.1.2.31:4191,,linkerd,linkerd-identity,linkerd,linkerd-identity-59b578f747-7dldl,59b578f747,linkerd-identity,linkerd-identity.linkerd.serviceaccount.identity.linkerd.cluster.local
1612451275.185,response_latency_ms_sum,,,10.1.2.28:4191,linkerd-proxy,linkerd,,linkerd-prometheus-7cc868fc59-82qll,,342,,,,,linkerd-prometheus,prometheus,linkerd,outbound,,7cc868fc59,200,true,linkerd,10.1.2.31:4191,,linkerd,linkerd-identity,linkerd,linkerd-identity-59b578f747-7dldl,59b578f747,linkerd-identity,linkerd-identity.linkerd.serviceaccount.identity.linkerd.cluster.local
1612451285.185,response_latency_ms_sum,,,10.1.2.28:4191,linkerd-proxy,linkerd,,linkerd-prometheus-7cc868fc59-82qll,,343,,,,,linkerd-prometheus,prometheus,linkerd,outbound,,7cc868fc59,200,true,linkerd,10.1.2.31:4191,,linkerd,linkerd-identity,linkerd,linkerd-identity-59b578f747-7dldl,59b578f747,linkerd-identity,linkerd-identity.linkerd.serviceaccount.identity.linkerd.cluster.local
1612451295.185,response_latency_ms_sum,,,10.1.2.28:4191,linkerd-proxy,linkerd,,linkerd-prometheus-7cc868fc59-82qll,,344,,,,,linkerd-prometheus,prometheus,linkerd,outbound,,7cc868fc59,200,true,linkerd,10.1.2.31:4191,,linkerd,linkerd-identity,linkerd,linkerd-identity-59b578f747-7dldl,59b578f747,linkerd-identity,linkerd-identity.linkerd.serviceaccount.identity.linkerd.cluster.local
1612451305.185,response_latency_ms_sum,,,10.1.2.28:4191,linkerd-proxy,linkerd,,linkerd-prometheus-7cc868fc59-82qll,,345,,,,,linkerd-prometheus,prometheus,linkerd,outbound,,7cc868fc59,200,true,linkerd,10.1.2.31:4191,,linkerd,linkerd-identity,linkerd,linkerd-identity-59b578f747-7dldl,59b578f747,linkerd-identity,linkerd-identity.linkerd.serviceaccount.identity.linkerd.cluster.local
1612451195.185,response_latency_ms_sum,,,10.1.2.28:4191,linkerd-proxy,linkerd,,linkerd-prometheus-7cc868fc59-82qll,,726,,,,,linkerd-prometheus,prometheus,linkerd,outbound,,7cc868fc59,200,true,linkerd,10.1.2.24:9997,,linkerd,linkerd-sp-validator,linkerd,linkerd-sp-validator-6d989499d7-ch5hx,6d989499d7,linkerd-sp-validator,linkerd-sp-validator.linkerd.serviceaccount.identity.linkerd.cluster.local
1612451205.185,response_latency_ms_sum,,,10.1.2.28:4191,linkerd-proxy,linkerd,,linkerd-prometheus-7cc868fc59-82qll,,727,,,,,linkerd-prometheus,prometheus,linkerd,outbound,,7cc868fc59,200,true,linkerd,10.1.2.24:9997,,linkerd,linkerd-sp-validator,linkerd,linkerd-sp-validator-6d989499d7-ch5hx,6d989499d7,linkerd-sp-validator,linkerd-sp-validator.linkerd.serviceaccount.identity.linkerd.cluster.local
1612451215.186,response_latency_ms_sum,,,10.1.2.28:4191,linkerd-proxy,linkerd,,linkerd-prometheus-7cc868fc59-82qll,,728,,,,,linkerd-prometheus,prometheus,linkerd,outbound,,7cc868fc59,200,true,linkerd,10.1.2.24:9997,,linkerd,linkerd-sp-validator,linkerd,linkerd-sp-validator-6d989499d7-ch5hx,6d989499d7,linkerd-sp-validator,linkerd-sp-validator.linkerd.serviceaccount.identity.linkerd.cluster.local
1612451225.185,response_latency_ms_sum,,,10.1.2.28:4191,linkerd-proxy,linkerd,,linkerd-prometheus-7cc868fc59-82qll,,729,,,,,linkerd-prometheus,prometheus,linkerd,outbound,,7cc868fc59,200,true,linkerd,10.1.2.24:9997,,linkerd,linkerd-sp-validator,linkerd,linkerd-sp-validator-6d989499d7-ch5hx,6d989499d7,linkerd-sp-validator,linkerd-sp-validator.linkerd.serviceaccount.identity.linkerd.cluster.local
1612451235.185,response_latency_ms_sum,,,10.1.2.28:4191,linkerd-proxy,linkerd,,linkerd-prometheus-7cc868fc59-82qll,,730,,,,,linkerd-prometheus,prometheus,linkerd,outbound,,7cc868fc59,200,true,linkerd,10.1.2.24:9997,,linkerd,linkerd-sp-validator,linkerd,linkerd-sp-validator-6d989499d7-ch5hx,6d989499d7,linkerd-sp-validator,linkerd-sp-validator.linkerd.serviceaccount.identity.linkerd.cluster.local
1612451245.185,response_latency_ms_sum,,,10.1.2.28:4191,linkerd-proxy,linkerd,,linkerd-prometheus-7cc868fc59-82qll,,731,,,,,linkerd-prometheus,prometheus,linkerd,outbound,,7cc868fc59,200,true,linkerd,10.1.2.24:9997,,linkerd,linkerd-sp-validator,linkerd,linkerd-sp-validator-6d989499d7-ch5hx,6d989499d7,linkerd-sp-validator,linkerd-sp-validator.linkerd.serviceaccount.identity.linkerd.cluster.local
1612451255.185,response_latency_ms_sum,,,10.1.2.28:4191,linkerd-proxy,linkerd,,linkerd-prometheus-7cc868fc59-82qll,,732,,,,,linkerd-prometheus,prometheus,linkerd,outbound,,7cc868fc59,200,true,linkerd,10.1.2.24:9997,,linkerd,linkerd-sp-validator,linkerd,linkerd-sp-validator-6d989499d7-ch5hx,6d989499d7,linkerd-sp-validator,linkerd-sp-validator.linkerd.serviceaccount.identity.linkerd.cluster.local
1612451265.185,response_latency_ms_sum,,,10.1.2.28:4191,linkerd-proxy,linkerd,,linkerd-prometheus-7cc868fc59-82qll,,733,,,,,linkerd-prometheus,prometheus,linkerd,outbound,,7cc868fc59,200,true,linkerd,10.1.2.24:9997,,linkerd,linkerd-sp-validator,linkerd,linkerd-sp-validator-6d989499d7-ch5hx,6d989499d7,linkerd-sp-validator,linkerd-sp-validator.linkerd.serviceaccount.identity.linkerd.cluster.local
1612451275.185,response_latency_ms_sum,,,10.1.2.28:4191,linkerd-proxy,linkerd,,linkerd-prometheus-7cc868fc59-82qll,,734,,,,,linkerd-prometheus,prometheus,linkerd,outbound,,7cc868fc59,200,true,linkerd,10.1.2.24:9997,,linkerd,linkerd-sp-validator,linkerd,linkerd-sp-validator-6d989499d7-ch5hx,6d989499d7,linkerd-sp-validator,linkerd-sp-validator.linkerd.serviceaccount.identity.linkerd.cluster.local
1612451285.185,response_latency_ms_sum,,,10.1.2.28:4191,linkerd-proxy,linkerd,,linkerd-prometheus-7cc868fc59-82qll,,735,,,,,linkerd-prometheus,prometheus,linkerd,outbound,,7cc868fc59,200,true,linkerd,10.1.2.24:9997,,linkerd,linkerd-sp-validator,linkerd,linkerd-sp-validator-6d989499d7-ch5hx,6d989499d7,linkerd-sp-validator,linkerd-sp-validator.linkerd.serviceaccount.identity.linkerd.cluster.local
1612451295.185,response_latency_ms_sum,,,10.1.2.28:4191,linkerd-proxy,linkerd,,linkerd-prometheus-7cc868fc59-82qll,,736,,,,,linkerd-prometheus,prometheus,linkerd,outbound,,7cc868fc59,200,true,linkerd,10.1.2.24:9997,,linkerd,linkerd-sp-validator,linkerd,linkerd-sp-validator-6d989499d7-ch5hx,6d989499d7,linkerd-sp-validator,linkerd-sp-validator.linkerd.serviceaccount.identity.linkerd.cluster.local
1612451305.185,response_latency_ms_sum,,,10.1.2.28:4191,linkerd-proxy,linkerd,,linkerd-prometheus-7cc868fc59-82qll,,737,,,,,linkerd-prometheus,prometheus,linkerd,outbound,,7cc868fc59,200,true,linkerd,10.1.2.24:9997,,linkerd,linkerd-sp-validator,linkerd,linkerd-sp-validator-6d989499d7-ch5hx,6d989499d7,linkerd-sp-validator,linkerd-sp-validator.linkerd.serviceaccount.identity.linkerd.cluster.local
1612451195.185,response_latency_ms_sum,,,10.1.2.28:4191,linkerd-proxy,linkerd,,linkerd-prometheus-7cc868fc59-82qll,,736,,,,,linkerd-prometheus,prometheus,linkerd,outbound,,7cc868fc59,200,true,linkerd,10.1.2.32:9994,,linkerd,linkerd-web,linkerd,linkerd-web-5697bf7579-ptnds,5697bf7579,linkerd-web,linkerd-web.linkerd.serviceaccount.identity.linkerd.cluster.local
1612451205.185,response_latency_ms_sum,,,10.1.2.28:4191,linkerd-proxy,linkerd,,linkerd-prometheus-7cc868fc59-82qll,,737,,,,,linkerd-prometheus,prometheus,linkerd,outbound,,7cc868fc59,200,true,linkerd,10.1.2.32:9994,,linkerd,linkerd-web,linkerd,linkerd-web-5697bf7579-ptnds,5697bf7579,linkerd-web,linkerd-web.linkerd.serviceaccount.identity.linkerd.cluster.local
1612451215.186,response_latency_ms_sum,,,10.1.2.28:4191,linkerd-proxy,linkerd,,linkerd-prometheus-7cc868fc59-82qll,,738,,,,,linkerd-prometheus,prometheus,linkerd,outbound,,7cc868fc59,200,true,linkerd,10.1.2.32:9994,,linkerd,linkerd-web,linkerd,linkerd-web-5697bf7579-ptnds,5697bf7579,linkerd-web,linkerd-web.linkerd.serviceaccount.identity.linkerd.cluster.local
1612451225.185,response_latency_ms_sum,,,10.1.2.28:4191,linkerd-proxy,linkerd,,linkerd-prometheus-7cc868fc59-82qll,,739,,,,,linkerd-prometheus,prometheus,linkerd,outbound,,7cc868fc59,200,true,linkerd,10.1.2.32:9994,,linkerd,linkerd-web,linkerd,linkerd-web-5697bf7579-ptnds,5697bf7579,linkerd-web,linkerd-web.linkerd.serviceaccount.identity.linkerd.cluster.local
1612451235.185,response_latency_ms_sum,,,10.1.2.28:4191,linkerd-proxy,linkerd,,linkerd-prometheus-7cc868fc59-82qll,,740,,,,,linkerd-prometheus,prometheus,linkerd,outbound,,7cc868fc59,200,true,linkerd,10.1.2.32:9994,,linkerd,linkerd-web,linkerd,linkerd-web-5697bf7579-ptnds,5697bf7579,linkerd-web,linkerd-web.linkerd.serviceaccount.identity.linkerd.cluster.local
1612451245.185,response_latency_ms_sum,,,10.1.2.28:4191,linkerd-proxy,linkerd,,linkerd-prometheus-7cc868fc59-82qll,,741,,,,,linkerd-prometheus,prometheus,linkerd,outbound,,7cc868fc59,200,true,linkerd,10.1.2.32:9994,,linkerd,linkerd-web,linkerd,linkerd-web-5697bf7579-ptnds,5697bf7579,linkerd-web,linkerd-web.linkerd.serviceaccount.identity.linkerd.cluster.local
1612451255.185,response_latency_ms_sum,,,10.1.2.28:4191,linkerd-proxy,linkerd,,linkerd-prometheus-7cc868fc59-82qll,,742,,,,,linkerd-prometheus,prometheus,linkerd,outbound,,7cc868fc59,200,true,linkerd,10.1.2.32:9994,,linkerd,linkerd-web,linkerd,linkerd-web-5697bf7579-ptnds,5697bf7579,linkerd-web,linkerd-web.linkerd.serviceaccount.identity.linkerd.cluster.local
1612451265.185,response_latency_ms_sum,,,10.1.2.28:4191,linkerd-proxy,linkerd,,linkerd-prometheus-7cc868fc59-82qll,,743,,,,,linkerd-prometheus,prometheus,linkerd,outbound,,7cc868fc59,200,true,linkerd,10.1.2.32:9994,,linkerd,linkerd-web,linkerd,linkerd-web-5697bf7579-ptnds,5697bf7579,linkerd-web,linkerd-web.linkerd.serviceaccount.identity.linkerd.cluster.local
1612451275.185,response_latency_ms_sum,,,10.1.2.28:4191,linkerd-proxy,linkerd,,linkerd-prometheus-7cc868fc59-82qll,,744,,,,,linkerd-prometheus,prometheus,linkerd,outbound,,7cc868fc59,200,true,linkerd,10.1.2.32:9994,,linkerd,linkerd-web,linkerd,linkerd-web-5697bf7579-ptnds,5697bf7579,linkerd-web,linkerd-web.linkerd.serviceaccount.identity.linkerd.cluster.local
1612451285.185,response_latency_ms_sum,,,10.1.2.28:4191,linkerd-proxy,linkerd,,linkerd-prometheus-7cc868fc59-82qll,,745,,,,,linkerd-prometheus,prometheus,linkerd,outbound,,7cc868fc59,200,true,linkerd,10.1.2.32:9994,,linkerd,linkerd-web,linkerd,linkerd-web-5697bf7579-ptnds,5697bf7579,linkerd-web,linkerd-web.linkerd.serviceaccount.identity.linkerd.cluster.local
1612451295.185,response_latency_ms_sum,,,10.1.2.28:4191,linkerd-proxy,linkerd,,linkerd-prometheus-7cc868fc59-82qll,,746,,,,,linkerd-prometheus,prometheus,linkerd,outbound,,7cc868fc59,200,true,linkerd,10.1.2.32:9994,,linkerd,linkerd-web,linkerd,linkerd-web-5697bf7579-ptnds,5697bf7579,linkerd-web,linkerd-web.linkerd.serviceaccount.identity.linkerd.cluster.local
1612451305.185,response_latency_ms_sum,,,10.1.2.28:4191,linkerd-proxy,linkerd,,linkerd-prometheus-7cc868fc59-82qll,,747,,,,,linkerd-prometheus,prometheus,linkerd,outbound,,7cc868fc59,200,true,linkerd,10.1.2.32:9994,,linkerd,linkerd-web,linkerd,linkerd-web-5697bf7579-ptnds,5697bf7579,linkerd-web,linkerd-web.linkerd.serviceaccount.identity.linkerd.cluster.local
1612451195.185,response_latency_ms_sum,,,10.1.2.28:4191,linkerd-proxy,linkerd,,linkerd-prometheus-7cc868fc59-82qll,,746,,,,,linkerd-prometheus,prometheus,linkerd,outbound,,7cc868fc59,200,true,linkerd,10.1.2.25:9995,,linkerd,linkerd-controller,linkerd,linkerd-controller-6f4c8f48c8-2t5rq,6f4c8f48c8,linkerd-controller,linkerd-controller.linkerd.serviceaccount.identity.linkerd.cluster.local
1612451205.185,response_latency_ms_sum,,,10.1.2.28:4191,linkerd-proxy,linkerd,,linkerd-prometheus-7cc868fc59-82qll,,747,,,,,linkerd-prometheus,prometheus,linkerd,outbound,,7cc868fc59,200,true,linkerd,10.1.2.25:9995,,linkerd,linkerd-controller,linkerd,linkerd-controller-6f4c8f48c8-2t5rq,6f4c8f48c8,linkerd-controller,linkerd-controller.linkerd.serviceaccount.identity.linkerd.cluster.local
1612451215.186,response_latency_ms_sum,,,10.1.2.28:4191,linkerd-proxy,linkerd,,linkerd-prometheus-7cc868fc59-82qll,,748,,,,,linkerd-prometheus,prometheus,linkerd,outbound,,7cc868fc59,200,true,linkerd,10.1.2.25:9995,,linkerd,linkerd-controller,linkerd,linkerd-controller-6f4c8f48c8-2t5rq,6f4c8f48c8,linkerd-controller,linkerd-controller.linkerd.serviceaccount.identity.linkerd.cluster.local
1612451225.185,response_latency_ms_sum,,,10.1.2.28:4191,linkerd-proxy,linkerd,,linkerd-prometheus-7cc868fc59-82qll,,749,,,,,linkerd-prometheus,prometheus,linkerd,outbound,,7cc868fc59,200,true,linkerd,10.1.2.25:9995,,linkerd,linkerd-controller,linkerd,linkerd-controller-6f4c8f48c8-2t5rq,6f4c8f48c8,linkerd-controller,linkerd-controller.linkerd.serviceaccount.identity.linkerd.cluster.local
1612451235.185,response_latency_ms_sum,,,10.1.2.28:4191,linkerd-proxy,linkerd,,linkerd-prometheus-7cc868fc59-82qll,,750,,,,,linkerd-prometheus,prometheus,linkerd,outbound,,7cc868fc59,200,true,linkerd,10.1.2.25:9995,,linkerd,linkerd-controller,linkerd,linkerd-controller-6f4c8f48c8-2t5rq,6f4c8f48c8,linkerd-controller,linkerd-controller.linkerd.serviceaccount.identity.linkerd.cluster.local
1612451245.185,response_latency_ms_sum,,,10.1.2.28:4191,linkerd-proxy,linkerd,,linkerd-prometheus-7cc868fc59-82qll,,751,,,,,linkerd-prometheus,prometheus,linkerd,outbound,,7cc868fc59,200,true,linkerd,10.1.2.25:9995,,linkerd,linkerd-controller,linkerd,linkerd-controller-6f4c8f48c8-2t5rq,6f4c8f48c8,linkerd-controller,linkerd-controller.linkerd.serviceaccount.identity.linkerd.cluster.local
1612451255.185,response_latency_ms_sum,,,10.1.2.28:4191,linkerd-proxy,linkerd,,linkerd-prometheus-7cc868fc59-82qll,,752,,,,,linkerd-prometheus,prometheus,linkerd,outbound,,7cc868fc59,200,true,linkerd,10.1.2.25:9995,,linkerd,linkerd-controller,linkerd,linkerd-controller-6f4c8f48c8-2t5rq,6f4c8f48c8,linkerd-controller,linkerd-controller.linkerd.serviceaccount.identity.linkerd.cluster.local
1612451265.185,response_latency_ms_sum,,,10.1.2.28:4191,linkerd-proxy,linkerd,,linkerd-prometheus-7cc868fc59-82qll,,755,,,,,linkerd-prometheus,prometheus,linkerd,outbound,,7cc868fc59,200,true,linkerd,10.1.2.25:9995,,linkerd,linkerd-controller,linkerd,linkerd-controller-6f4c8f48c8-2t5rq,6f4c8f48c8,linkerd-controller,linkerd-controller.linkerd.serviceaccount.identity.linkerd.cluster.local
1612451275.185,response_latency_ms_sum,,,10.1.2.28:4191,linkerd-proxy,linkerd,,linkerd-prometheus-7cc868fc59-82qll,,756,,,,,linkerd-prometheus,prometheus,linkerd,outbound,,7cc868fc59,200,true,linkerd,10.1.2.25:9995,,linkerd,linkerd-controller,linkerd,linkerd-controller-6f4c8f48c8-2t5rq,6f4c8f48c8,linkerd-controller,linkerd-controller.linkerd.serviceaccount.identity.linkerd.cluster.local
1612451285.185,response_latency_ms_sum,,,10.1.2.28:4191,linkerd-proxy,linkerd,,linkerd-prometheus-7cc868fc59-82qll,,757,,,,,linkerd-prometheus,prometheus,linkerd,outbound,,7cc868fc59,200,true,linkerd,10.1.2.25:9995,,linkerd,linkerd-controller,linkerd,linkerd-controller-6f4c8f48c8-2t5rq,6f4c8f48c8,linkerd-controller,linkerd-controller.linkerd.serviceaccount.identity.linkerd.cluster.local
1612451295.185,response_latency_ms_sum,,,10.1.2.28:4191,linkerd-proxy,linkerd,,linkerd-prometheus-7cc868fc59-82qll,,758,,,,,linkerd-prometheus,prometheus,linkerd,outbound,,7cc868fc59,200,true,linkerd,10.1.2.25:9995,,linkerd,linkerd-controller,linkerd,linkerd-controller-6f4c8f48c8-2t5rq,6f4c8f48c8,linkerd-controller,linkerd-controller.linkerd.serviceaccount.identity.linkerd.cluster.local
1612451305.185,response_latency_ms_sum,,,10.1.2.28:4191,linkerd-proxy,linkerd,,linkerd-prometheus-7cc868fc59-82qll,,759,,,,,linkerd-prometheus,prometheus,linkerd,outbound,,7cc868fc59,200,true,linkerd,10.1.2.25:9995,,linkerd,linkerd-controller,linkerd,linkerd-controller-6f4c8f48c8-2t5rq,6f4c8f48c8,linkerd-controller,linkerd-controller.linkerd.serviceaccount.identity.linkerd.cluster.local
1612451195.185,response_latency_ms_sum,,,10.1.2.28:4191,linkerd-proxy,linkerd,,linkerd-prometheus-7cc868fc59-82qll,,695,,,,,linkerd-prometheus,prometheus,linkerd,outbound,,7cc868fc59,200,true,linkerd,10.1.2.25:4191,,linkerd,linkerd-controller,linkerd,linkerd-controller-6f4c8f48c8-2t5rq,6f4c8f48c8,linkerd-controller,linkerd-controller.linkerd.serviceaccount.identity.linkerd.cluster.local
1612451205.185,response_latency_ms_sum,,,10.1.2.28:4191,linkerd-proxy,linkerd,,linkerd-prometheus-7cc868fc59-82qll,,696,,,,,linkerd-prometheus,prometheus,linkerd,outbound,,7cc868fc59,200,true,linkerd,10.1.2.25:4191,,linkerd,linkerd-controller,linkerd,linkerd-controller-6f4c8f48c8-2t5rq,6f4c8f48c8,linkerd-controller,linkerd-controller.linkerd.serviceaccount.identity.linkerd.cluster.local
1612451215.186,response_latency_ms_sum,,,10.1.2.28:4191,linkerd-proxy,linkerd,,linkerd-prometheus-7cc868fc59-82qll,,697,,,,,linkerd-prometheus,prometheus,linkerd,outbound,,7cc868fc59,200,true,linkerd,10.1.2.25:4191,,linkerd,linkerd-controller,linkerd,linkerd-controller-6f4c8f48c8-2t5rq,6f4c8f48c8,linkerd-controller,linkerd-controller.linkerd.serviceaccount.identity.linkerd.cluster.local
1612451225.185,response_latency_ms_sum,,,10.1.2.28:4191,linkerd-proxy,linkerd,,linkerd-prometheus-7cc868fc59-82qll,,698,,,,,linkerd-prometheus,prometheus,linkerd,outbound,,7cc868fc59,200,true,linkerd,10.1.2.25:4191,,linkerd,linkerd-controller,linkerd,linkerd-controller-6f4c8f48c8-2t5rq,6f4c8f48c8,linkerd-controller,linkerd-controller.linkerd.serviceaccount.identity.linkerd.cluster.local
1612451235.185,response_latency_ms_sum,,,10.1.2.28:4191,linkerd-proxy,linkerd,,linkerd-prometheus-7cc868fc59-82qll,,699,,,,,linkerd-prometheus,prometheus,linkerd,outbound,,7cc868fc59,200,true,linkerd,10.1.2.25:4191,,linkerd,linkerd-controller,linkerd,linkerd-controller-6f4c8f48c8-2t5rq,6f4c8f48c8,linkerd-controller,linkerd-controller.linkerd.serviceaccount.identity.linkerd.cluster.local
1612451245.185,response_latency_ms_sum,,,10.1.2.28:4191,linkerd-proxy,linkerd,,linkerd-prometheus-7cc868fc59-82qll,,700,,,,,linkerd-prometheus,prometheus,linkerd,outbound,,7cc868fc59,200,true,linkerd,10.1.2.25:4191,,linkerd,linkerd-controller,linkerd,linkerd-controller-6f4c8f48c8-2t5rq,6f4c8f48c8,linkerd-controller,linkerd-controller.linkerd.serviceaccount.identity.linkerd.cluster.local
1612451255.185,response_latency_ms_sum,,,10.1.2.28:4191,linkerd-proxy,linkerd,,linkerd-prometheus-7cc868fc59-82qll,,701,,,,,linkerd-prometheus,prometheus,linkerd,outbound,,7cc868fc59,200,true,linkerd,10.1.2.25:4191,,linkerd,linkerd-controller,linkerd,linkerd-controller-6f4c8f48c8-2t5rq,6f4c8f48c8,linkerd-controller,linkerd-controller.linkerd.serviceaccount.identity.linkerd.cluster.local
1612451265.185,response_latency_ms_sum,,,10.1.2.28:4191,linkerd-proxy,linkerd,,linkerd-prometheus-7cc868fc59-82qll,,702,,,,,linkerd-prometheus,prometheus,linkerd,outbound,,7cc868fc59,200,true,linkerd,10.1.2.25:4191,,linkerd,linkerd-controller,linkerd,linkerd-controller-6f4c8f48c8-2t5rq,6f4c8f48c8,linkerd-controller,linkerd-controller.linkerd.serviceaccount.identity.linkerd.cluster.local
1612451275.185,response_latency_ms_sum,,,10.1.2.28:4191,linkerd-proxy,linkerd,,linkerd-prometheus-7cc868fc59-82qll,,703,,,,,linkerd-prometheus,prometheus,linkerd,outbound,,7cc868fc59,200,true,linkerd,10.1.2.25:4191,,linkerd,linkerd-controller,linkerd,linkerd-controller-6f4c8f48c8-2t5rq,6f4c8f48c8,linkerd-controller,linkerd-controller.linkerd.serviceaccount.identity.linkerd.cluster.local
1612451285.185,response_latency_ms_sum,,,10.1.2.28:4191,linkerd-proxy,linkerd,,linkerd-prometheus-7cc868fc59-82qll,,704,,,,,linkerd-prometheus,prometheus,linkerd,outbound,,7cc868fc59,200,true,linkerd,10.1.2.25:4191,,linkerd,linkerd-controller,linkerd,linkerd-controller-6f4c8f48c8-2t5rq,6f4c8f48c8,linkerd-controller,linkerd-controller.linkerd.serviceaccount.identity.linkerd.cluster.local
1612451295.185,response_latency_ms_sum,,,10.1.2.28:4191,linkerd-proxy,linkerd,,linkerd-prometheus-7cc868fc59-82qll,,705,,,,,linkerd-prometheus,prometheus,linkerd,outbound,,7cc868fc59,200,true,linkerd,10.1.2.25:4191,,linkerd,linkerd-controller,linkerd,linkerd-controller-6f4c8f48c8-2t5rq,6f4c8f48c8,linkerd-controller,linkerd-controller.linkerd.serviceaccount.identity.linkerd.cluster.local
1612451305.185,response_latency_ms_sum,,,10.1.2.28:4191,linkerd-proxy,linkerd,,linkerd-prometheus-7cc868fc59-82qll,,706,,,,,linkerd-prometheus,prometheus,linkerd,outbound,,7cc868fc59,200,true,linkerd,10.1.2.25:4191,,linkerd,linkerd-controller,linkerd,linkerd-controller-6f4c8f48c8-2t5rq,6f4c8f48c8,linkerd-controller,linkerd-controller.linkerd.serviceaccount.identity.linkerd.cluster.local
1612451195.185,response_latency_ms_sum,,,10.1.2.28:4191,linkerd-proxy,linkerd,,linkerd-prometheus-7cc868fc59-82qll,,1203,,,,,linkerd-prometheus,prometheus,linkerd,outbound,,7cc868fc59,200,true,linkerd,10.1.2.30:3000,,linkerd,linkerd-grafana,linkerd,linkerd-grafana-5dc6c885c4-8kr4l,5dc6c885c4,linkerd-grafana,linkerd-grafana.linkerd.serviceaccount.identity.linkerd.cluster.local
1612451205.185,response_latency_ms_sum,,,10.1.2.28:4191,linkerd-proxy,linkerd,,linkerd-prometheus-7cc868fc59-82qll,,1204,,,,,linkerd-prometheus,prometheus,linkerd,outbound,,7cc868fc59,200,true,linkerd,10.1.2.30:3000,,linkerd,linkerd-grafana,linkerd,linkerd-grafana-5dc6c885c4-8kr4l,5dc6c885c4,linkerd-grafana,linkerd-grafana.linkerd.serviceaccount.identity.linkerd.cluster.local
1612451215.186,response_latency_ms_sum,,,10.1.2.28:4191,linkerd-proxy,linkerd,,linkerd-prometheus-7cc868fc59-82qll,,1205,,,,,linkerd-prometheus,prometheus,linkerd,outbound,,7cc868fc59,200,true,linkerd,10.1.2.30:3000,,linkerd,linkerd-grafana,linkerd,linkerd-grafana-5dc6c885c4-8kr4l,5dc6c885c4,linkerd-grafana,linkerd-grafana.linkerd.serviceaccount.identity.linkerd.cluster.local
1612451225.185,response_latency_ms_sum,,,10.1.2.28:4191,linkerd-proxy,linkerd,,linkerd-prometheus-7cc868fc59-82qll,,1207,,,,,linkerd-prometheus,prometheus,linkerd,outbound,,7cc868fc59,200,true,linkerd,10.1.2.30:3000,,linkerd,linkerd-grafana,linkerd,linkerd-grafana-5dc6c885c4-8kr4l,5dc6c885c4,linkerd-grafana,linkerd-grafana.linkerd.serviceaccount.identity.linkerd.cluster.local
1612451235.185,response_latency_ms_sum,,,10.1.2.28:4191,linkerd-proxy,linkerd,,linkerd-prometheus-7cc868fc59-82qll,,1208,,,,,linkerd-prometheus,prometheus,linkerd,outbound,,7cc868fc59,200,true,linkerd,10.1.2.30:3000,,linkerd,linkerd-grafana,linkerd,linkerd-grafana-5dc6c885c4-8kr4l,5dc6c885c4,linkerd-grafana,linkerd-grafana.linkerd.serviceaccount.identity.linkerd.cluster.local
1612451245.185,response_latency_ms_sum,,,10.1.2.28:4191,linkerd-proxy,linkerd,,linkerd-prometheus-7cc868fc59-82qll,,1209,,,,,linkerd-prometheus,prometheus,linkerd,outbound,,7cc868fc59,200,true,linkerd,10.1.2.30:3000,,linkerd,linkerd-grafana,linkerd,linkerd-grafana-5dc6c885c4-8kr4l,5dc6c885c4,linkerd-grafana,linkerd-grafana.linkerd.serviceaccount.identity.linkerd.cluster.local
1612451255.185,response_latency_ms_sum,,,10.1.2.28:4191,linkerd-proxy,linkerd,,linkerd-prometheus-7cc868fc59-82qll,,1210,,,,,linkerd-prometheus,prometheus,linkerd,outbound,,7cc868fc59,200,true,linkerd,10.1.2.30:3000,,linkerd,linkerd-grafana,linkerd,linkerd-grafana-5dc6c885c4-8kr4l,5dc6c885c4,linkerd-grafana,linkerd-grafana.linkerd.serviceaccount.identity.linkerd.cluster.local
1612451265.185,response_latency_ms_sum,,,10.1.2.28:4191,linkerd-proxy,linkerd,,linkerd-prometheus-7cc868fc59-82qll,,1211,,,,,linkerd-prometheus,prometheus,linkerd,outbound,,7cc868fc59,200,true,linkerd,10.1.2.30:3000,,linkerd,linkerd-grafana,linkerd,linkerd-grafana-5dc6c885c4-8kr4l,5dc6c885c4,linkerd-grafana,linkerd-grafana.linkerd.serviceaccount.identity.linkerd.cluster.local
1612451275.185,response_latency_ms_sum,,,10.1.2.28:4191,linkerd-proxy,linkerd,,linkerd-prometheus-7cc868fc59-82qll,,1212,,,,,linkerd-prometheus,prometheus,linkerd,outbound,,7cc868fc59,200,true,linkerd,10.1.2.30:3000,,linkerd,linkerd-grafana,linkerd,linkerd-grafana-5dc6c885c4-8kr4l,5dc6c885c4,linkerd-grafana,linkerd-grafana.linkerd.serviceaccount.identity.linkerd.cluster.local
1612451285.185,response_latency_ms_sum,,,10.1.2.28:4191,linkerd-proxy,linkerd,,linkerd-prometheus-7cc868fc59-82qll,,1213,,,,,linkerd-prometheus,prometheus,linkerd,outbound,,7cc868fc59,200,true,linkerd,10.1.2.30:3000,,linkerd,linkerd-grafana,linkerd,linkerd-grafana-5dc6c885c4-8kr4l,5dc6c885c4,linkerd-grafana,linkerd-grafana.linkerd.serviceaccount.identity.linkerd.cluster.local
1612451295.185,response_latency_ms_sum,,,10.1.2.28:4191,linkerd-proxy,linkerd,,linkerd-prometheus-7cc868fc59-82qll,,1216,,,,,linkerd-prometheus,prometheus,linkerd,outbound,,7cc868fc59,200,true,linkerd,10.1.2.30:3000,,linkerd,linkerd-grafana,linkerd,linkerd-grafana-5dc6c885c4-8kr4l,5dc6c885c4,linkerd-grafana,linkerd-grafana.linkerd.serviceaccount.identity.linkerd.cluster.local
1612451305.185,response_latency_ms_sum,,,10.1.2.28:4191,linkerd-proxy,linkerd,,linkerd-prometheus-7cc868fc59-82qll,,1217,,,,,linkerd-prometheus,prometheus,linkerd,outbound,,7cc868fc59,200,true,linkerd,10.1.2.30:3000,,linkerd,linkerd-grafana,linkerd,linkerd-grafana-5dc6c885c4-8kr4l,5dc6c885c4,linkerd-grafana,linkerd-grafana.linkerd.serviceaccount.identity.linkerd.cluster.local
1612451195.185,response_latency_ms_sum,,,10.1.2.28:4191,linkerd-proxy,linkerd,,linkerd-prometheus-7cc868fc59-82qll,,703,,,,,linkerd-prometheus,prometheus,linkerd,outbound,,7cc868fc59,200,true,linkerd,10.1.2.27:4191,,linkerd,linkerd-destination,linkerd,linkerd-destination-7cc4785bf6-llf5t,7cc4785bf6,linkerd-destination,linkerd-destination.linkerd.serviceaccount.identity.linkerd.cluster.local
1612451205.185,response_latency_ms_sum,,,10.1.2.28:4191,linkerd-proxy,linkerd,,linkerd-prometheus-7cc868fc59-82qll,,704,,,,,linkerd-prometheus,prometheus,linkerd,outbound,,7cc868fc59,200,true,linkerd,10.1.2.27:4191,,linkerd,linkerd-destination,linkerd,linkerd-destination-7cc4785bf6-llf5t,7cc4785bf6,linkerd-destination,linkerd-destination.linkerd.serviceaccount.identity.linkerd.cluster.local
1612451215.186,response_latency_ms_sum,,,10.1.2.28:4191,linkerd-proxy,linkerd,,linkerd-prometheus-7cc868fc59-82qll,,705,,,,,linkerd-prometheus,prometheus,linkerd,outbound,,7cc868fc59,200,true,linkerd,10.1.2.27:4191,,linkerd,linkerd-destination,linkerd,linkerd-destination-7cc4785bf6-llf5t,7cc4785bf6,linkerd-destination,linkerd-destination.linkerd.serviceaccount.identity.linkerd.cluster.local
1612451225.185,response_latency_ms_sum,,,10.1.2.28:4191,linkerd-proxy,linkerd,,linkerd-prometheus-7cc868fc59-82qll,,707,,,,,linkerd-prometheus,prometheus,linkerd,outbound,,7cc868fc59,200,true,linkerd,10.1.2.27:4191,,linkerd,linkerd-destination,linkerd,linkerd-destination-7cc4785bf6-llf5t,7cc4785bf6,linkerd-destination,linkerd-destination.linkerd.serviceaccount.identity.linkerd.cluster.local
1612451235.185,response_latency_ms_sum,,,10.1.2.28:4191,linkerd-proxy,linkerd,,linkerd-prometheus-7cc868fc59-82qll,,708,,,,,linkerd-prometheus,prometheus,linkerd,outbound,,7cc868fc59,200,true,linkerd,10.1.2.27:4191,,linkerd,linkerd-destination,linkerd,linkerd-destination-7cc4785bf6-llf5t,7cc4785bf6,linkerd-destination,linkerd-destination.linkerd.serviceaccount.identity.linkerd.cluster.local
1612451245.185,response_latency_ms_sum,,,10.1.2.28:4191,linkerd-proxy,linkerd,,linkerd-prometheus-7cc868fc59-82qll,,709,,,,,linkerd-prometheus,prometheus,linkerd,outbound,,7cc868fc59,200,true,linkerd,10.1.2.27:4191,,linkerd,linkerd-destination,linkerd,linkerd-destination-7cc4785bf6-llf5t,7cc4785bf6,linkerd-destination,linkerd-destination.linkerd.serviceaccount.identity.linkerd.cluster.local
1612451255.185,response_latency_ms_sum,,,10.1.2.28:4191,linkerd-proxy,linkerd,,linkerd-prometheus-7cc868fc59-82qll,,710,,,,,linkerd-prometheus,prometheus,linkerd,outbound,,7cc868fc59,200,true,linkerd,10.1.2.27:4191,,linkerd,linkerd-destination,linkerd,linkerd-destination-7cc4785bf6-llf5t,7cc4785bf6,linkerd-destination,linkerd-destination.linkerd.serviceaccount.identity.linkerd.cluster.local
1612451265.185,response_latency_ms_sum,,,10.1.2.28:4191,linkerd-proxy,linkerd,,linkerd-prometheus-7cc868fc59-82qll,,711,,,,,linkerd-prometheus,prometheus,linkerd,outbound,,7cc868fc59,200,true,linkerd,10.1.2.27:4191,,linkerd,linkerd-destination,linkerd,linkerd-destination-7cc4785bf6-llf5t,7cc4785bf6,linkerd-destination,linkerd-destination.linkerd.serviceaccount.identity.linkerd.cluster.local
1612451275.185,response_latency_ms_sum,,,10.1.2.28:4191,linkerd-proxy,linkerd,,linkerd-prometheus-7cc868fc59-82qll,,712,,,,,linkerd-prometheus,prometheus,linkerd,outbound,,7cc868fc59,200,true,linkerd,10.1.2.27:4191,,linkerd,linkerd-destination,linkerd,linkerd-destination-7cc4785bf6-llf5t,7cc4785bf6,linkerd-destination,linkerd-destination.linkerd.serviceaccount.identity.linkerd.cluster.local
1612451285.185,response_latency_ms_sum,,,10.1.2.28:4191,linkerd-proxy,linkerd,,linkerd-prometheus-7cc868fc59-82qll,,713,,,,,linkerd-prometheus,prometheus,linkerd,outbound,,7cc868fc59,200,true,linkerd,10.1.2.27:4191,,linkerd,linkerd-destination,linkerd,linkerd-destination-7cc4785bf6-llf5t,7cc4785bf6,linkerd-destination,linkerd-destination.linkerd.serviceaccount.identity.linkerd.cluster.local
1612451295.185,response_latency_ms_sum,,,10.1.2.28:4191,linkerd-proxy,linkerd,,linkerd-prometheus-7cc868fc59-82qll,,714,,,,,linkerd-prometheus,prometheus,linkerd,outbound,,7cc868fc59,200,true,linkerd,10.1.2.27:4191,,linkerd,linkerd-destination,linkerd,linkerd-destination-7cc4785bf6-llf5t,7cc4785bf6,linkerd-destination,linkerd-destination.linkerd.serviceaccount.identity.linkerd.cluster.local
1612451305.185,response_latency_ms_sum,,,10.1.2.28:4191,linkerd-proxy,linkerd,,linkerd-prometheus-7cc868fc59-82qll,,715,,,,,linkerd-prometheus,prometheus,linkerd,outbound,,7cc868fc59,200,true,linkerd,10.1.2.27:4191,,linkerd,linkerd-destination,linkerd,linkerd-destination-7cc4785bf6-llf5t,7cc4785bf6,linkerd-destination,linkerd-destination.linkerd.serviceaccount.identity.linkerd.cluster.local
1612451195.185,response_latency_ms_sum,,,10.1.2.28:4191,linkerd-proxy,linkerd,,linkerd-prometheus-7cc868fc59-82qll,,800,,,,,linkerd-prometheus,prometheus,linkerd,outbound,,7cc868fc59,200,true,linkerd,10.1.2.31:9990,,linkerd,linkerd-identity,linkerd,linkerd-identity-59b578f747-7dldl,59b578f747,linkerd-identity,linkerd-identity.linkerd.serviceaccount.identity.linkerd.cluster.local
1612451205.185,response_latency_ms_sum,,,10.1.2.28:4191,linkerd-proxy,linkerd,,linkerd-prometheus-7cc868fc59-82qll,,802,,,,,linkerd-prometheus,prometheus,linkerd,outbound,,7cc868fc59,200,true,linkerd,10.1.2.31:9990,,linkerd,linkerd-identity,linkerd,linkerd-identity-59b578f747-7dldl,59b578f747,linkerd-identity,linkerd-identity.linkerd.serviceaccount.identity.linkerd.cluster.local
1612451215.186,response_latency_ms_sum,,,10.1.2.28:4191,linkerd-proxy,linkerd,,linkerd-prometheus-7cc868fc59-82qll,,803,,,,,linkerd-prometheus,prometheus,linkerd,outbound,,7cc868fc59,200,true,linkerd,10.1.2.31:9990,,linkerd,linkerd-identity,linkerd,linkerd-identity-59b578f747-7dldl,59b578f747,linkerd-identity,linkerd-identity.linkerd.serviceaccount.identity.linkerd.cluster.local
1612451225.185,response_latency_ms_sum,,,10.1.2.28:4191,linkerd-proxy,linkerd,,linkerd-prometheus-7cc868fc59-82qll,,804,,,,,linkerd-prometheus,prometheus,linkerd,outbound,,7cc868fc59,200,true,linkerd,10.1.2.31:9990,,linkerd,linkerd-identity,linkerd,linkerd-identity-59b578f747-7dldl,59b578f747,linkerd-identity,linkerd-identity.linkerd.serviceaccount.identity.linkerd.cluster.local
1612451235.185,response_latency_ms_sum,,,10.1.2.28:4191,linkerd-proxy,linkerd,,linkerd-prometheus-7cc868fc59-82qll,,806,,,,,linkerd-prometheus,prometheus,linkerd,outbound,,7cc868fc59,200,true,linkerd,10.1.2.31:9990,,linkerd,linkerd-identity,linkerd,linkerd-identity-59b578f747-7dldl,59b578f747,linkerd-identity,linkerd-identity.linkerd.serviceaccount.identity.linkerd.cluster.local
1612451245.185,response_latency_ms_sum,,,10.1.2.28:4191,linkerd-proxy,linkerd,,linkerd-prometheus-7cc868fc59-82qll,,807,,,,,linkerd-prometheus,prometheus,linkerd,outbound,,7cc868fc59,200,true,linkerd,10.1.2.31:9990,,linkerd,linkerd-identity,linkerd,linkerd-identity-59b578f747-7dldl,59b578f747,linkerd-identity,linkerd-identity.linkerd.serviceaccount.identity.linkerd.cluster.local
1612451255.185,response_latency_ms_sum,,,10.1.2.28:4191,linkerd-proxy,linkerd,,linkerd-prometheus-7cc868fc59-82qll,,809,,,,,linkerd-prometheus,prometheus,linkerd,outbound,,7cc868fc59,200,true,linkerd,10.1.2.31:9990,,linkerd,linkerd-identity,linkerd,linkerd-identity-59b578f747-7dldl,59b578f747,linkerd-identity,linkerd-identity.linkerd.serviceaccount.identity.linkerd.cluster.local
1612451265.185,response_latency_ms_sum,,,10.1.2.28:4191,linkerd-proxy,linkerd,,linkerd-prometheus-7cc868fc59-82qll,,811,,,,,linkerd-prometheus,prometheus,linkerd,outbound,,7cc868fc59,200,true,linkerd,10.1.2.31:9990,,linkerd,linkerd-identity,linkerd,linkerd-identity-59b578f747-7dldl,59b578f747,linkerd-identity,linkerd-identity.linkerd.serviceaccount.identity.linkerd.cluster.local
1612451275.185,response_latency_ms_sum,,,10.1.2.28:4191,linkerd-proxy,linkerd,,linkerd-prometheus-7cc868fc59-82qll,,813,,,,,linkerd-prometheus,prometheus,linkerd,outbound,,7cc868fc59,200,true,linkerd,10.1.2.31:9990,,linkerd,linkerd-identity,linkerd,linkerd-identity-59b578f747-7dldl,59b578f747,linkerd-identity,linkerd-identity.linkerd.serviceaccount.identity.linkerd.cluster.local
1612451285.185,response_latency_ms_sum,,,10.1.2.28:4191,linkerd-proxy,linkerd,,linkerd-prometheus-7cc868fc59-82qll,,814,,,,,linkerd-prometheus,prometheus,linkerd,outbound,,7cc868fc59,200,true,linkerd,10.1.2.31:9990,,linkerd,linkerd-identity,linkerd,linkerd-identity-59b578f747-7dldl,59b578f747,linkerd-identity,linkerd-identity.linkerd.serviceaccount.identity.linkerd.cluster.local
1612451295.185,response_latency_ms_sum,,,10.1.2.28:4191,linkerd-proxy,linkerd,,linkerd-prometheus-7cc868fc59-82qll,,815,,,,,linkerd-prometheus,prometheus,linkerd,outbound,,7cc868fc59,200,true,linkerd,10.1.2.31:9990,,linkerd,linkerd-identity,linkerd,linkerd-identity-59b578f747-7dldl,59b578f747,linkerd-identity,linkerd-identity.linkerd.serviceaccount.identity.linkerd.cluster.local
1612451305.185,response_latency_ms_sum,,,10.1.2.28:4191,linkerd-proxy,linkerd,,linkerd-prometheus-7cc868fc59-82qll,,816,,,,,linkerd-prometheus,prometheus,linkerd,outbound,,7cc868fc59,200,true,linkerd,10.1.2.31:9990,,linkerd,linkerd-identity,linkerd,linkerd-identity-59b578f747-7dldl,59b578f747,linkerd-identity,linkerd-identity.linkerd.serviceaccount.identity.linkerd.cluster.local
1612451195.185,response_latency_ms_sum,,,10.1.2.28:4191,linkerd-proxy,linkerd,,linkerd-prometheus-7cc868fc59-82qll,,738,,,,,linkerd-prometheus,prometheus,linkerd,outbound,,7cc868fc59,200,true,linkerd,10.1.2.29:9998,,linkerd,linkerd-tap,linkerd,linkerd-tap-969455d5-x4c65,969455d5,linkerd-tap,linkerd-tap.linkerd.serviceaccount.identity.linkerd.cluster.local
1612451205.185,response_latency_ms_sum,,,10.1.2.28:4191,linkerd-proxy,linkerd,,linkerd-prometheus-7cc868fc59-82qll,,739,,,,,linkerd-prometheus,prometheus,linkerd,outbound,,7cc868fc59,200,true,linkerd,10.1.2.29:9998,,linkerd,linkerd-tap,linkerd,linkerd-tap-969455d5-x4c65,969455d5,linkerd-tap,linkerd-tap.linkerd.serviceaccount.identity.linkerd.cluster.local
1612451215.186,response_latency_ms_sum,,,10.1.2.28:4191,linkerd-proxy,linkerd,,linkerd-prometheus-7cc868fc59-82qll,,740,,,,,linkerd-prometheus,prometheus,linkerd,outbound,,7cc868fc59,200,true,linkerd,10.1.2.29:9998,,linkerd,linkerd-tap,linkerd,linkerd-tap-969455d5-x4c65,969455d5,linkerd-tap,linkerd-tap.linkerd.serviceaccount.identity.linkerd.cluster.local
1612451225.185,response_latency_ms_sum,,,10.1.2.28:4191,linkerd-proxy,linkerd,,linkerd-prometheus-7cc868fc59-82qll,,741,,,,,linkerd-prometheus,prometheus,linkerd,outbound,,7cc868fc59,200,true,linkerd,10.1.2.29:9998,,linkerd,linkerd-tap,linkerd,linkerd-tap-969455d5-x4c65,969455d5,linkerd-tap,linkerd-tap.linkerd.serviceaccount.identity.linkerd.cluster.local
1612451235.185,response_latency_ms_sum,,,10.1.2.28:4191,linkerd-proxy,linkerd,,linkerd-prometheus-7cc868fc59-82qll,,742,,,,,linkerd-prometheus,prometheus,linkerd,outbound,,7cc868fc59,200,true,linkerd,10.1.2.29:9998,,linkerd,linkerd-tap,linkerd,linkerd-tap-969455d5-x4c65,969455d5,linkerd-tap,linkerd-tap.linkerd.serviceaccount.identity.linkerd.cluster.local
1612451245.185,response_latency_ms_sum,,,10.1.2.28:4191,linkerd-proxy,linkerd,,linkerd-prometheus-7cc868fc59-82qll,,743,,,,,linkerd-prometheus,prometheus,linkerd,outbound,,7cc868fc59,200,true,linkerd,10.1.2.29:9998,,linkerd,linkerd-tap,linkerd,linkerd-tap-969455d5-x4c65,969455d5,linkerd-tap,linkerd-tap.linkerd.serviceaccount.identity.linkerd.cluster.local
1612451255.185,response_latency_ms_sum,,,10.1.2.28:4191,linkerd-proxy,linkerd,,linkerd-prometheus-7cc868fc59-82qll,,744,,,,,linkerd-prometheus,prometheus,linkerd,outbound,,7cc868fc59,200,true,linkerd,10.1.2.29:9998,,linkerd,linkerd-tap,linkerd,linkerd-tap-969455d5-x4c65,969455d5,linkerd-tap,linkerd-tap.linkerd.serviceaccount.identity.linkerd.cluster.local
1612451265.185,response_latency_ms_sum,,,10.1.2.28:4191,linkerd-proxy,linkerd,,linkerd-prometheus-7cc868fc59-82qll,,745,,,,,linkerd-prometheus,prometheus,linkerd,outbound,,7cc868fc59,200,true,linkerd,10.1.2.29:9998,,linkerd,linkerd-tap,linkerd,linkerd-tap-969455d5-x4c65,969455d5,linkerd-tap,linkerd-tap.linkerd.serviceaccount.identity.linkerd.cluster.local
1612451275.185,response_latency_ms_sum,,,10.1.2.28:4191,linkerd-proxy,linkerd,,linkerd-prometheus-7cc868fc59-82qll,,746,,,,,linkerd-prometheus,prometheus,linkerd,outbound,,7cc868fc59,200,true,linkerd,10.1.2.29:9998,,linkerd,linkerd-tap,linkerd,linkerd-tap-969455d5-x4c65,969455d5,linkerd-tap,linkerd-tap.linkerd.serviceaccount.identity.linkerd.cluster.local
1612451285.185,response_latency_ms_sum,,,10.1.2.28:4191,linkerd-proxy,linkerd,,linkerd-prometheus-7cc868fc59-82qll,,747,,,,,linkerd-prometheus,prometheus,linkerd,outbound,,7cc868fc59,200,true,linkerd,10.1.2.29:9998,,linkerd,linkerd-tap,linkerd,linkerd-tap-969455d5-x4c65,969455d5,linkerd-tap,linkerd-tap.linkerd.serviceaccount.identity.linkerd.cluster.local
1612451295.185,response_latency_ms_sum,,,10.1.2.28:4191,linkerd-proxy,linkerd,,linkerd-prometheus-7cc868fc59-82qll,,748,,,,,linkerd-prometheus,prometheus,linkerd,outbound,,7cc868fc59,200,true,linkerd,10.1.2.29:9998,,linkerd,linkerd-tap,linkerd,linkerd-tap-969455d5-x4c65,969455d5,linkerd-tap,linkerd-tap.linkerd.serviceaccount.identity.linkerd.cluster.local
1612451305.185,response_latency_ms_sum,,,10.1.2.28:4191,linkerd-proxy,linkerd,,linkerd-prometheus-7cc868fc59-82qll,,749,,,,,linkerd-prometheus,prometheus,linkerd,outbound,,7cc868fc59,200,true,linkerd,10.1.2.29:9998,,linkerd,linkerd-tap,linkerd,linkerd-tap-969455d5-x4c65,969455d5,linkerd-tap,linkerd-tap.linkerd.serviceaccount.identity.linkerd.cluster.local
1612451195.892,response_latency_ms_sum,,,10.1.2.29:4191,linkerd-proxy,linkerd,,linkerd-tap-969455d5-x4c65,,0,,,,,linkerd-tap,tap,linkerd,inbound,no_tls_from_remote,969455d5,,no_identity,linkerd,,,,,,,,,
1612451205.892,response_latency_ms_sum,,,10.1.2.29:4191,linkerd-proxy,linkerd,,linkerd-tap-969455d5-x4c65,,0,,,,,linkerd-tap,tap,linkerd,inbound,no_tls_from_remote,969455d5,,no_identity,linkerd,,,,,,,,,
1612451215.892,response_latency_ms_sum,,,10.1.2.29:4191,linkerd-proxy,linkerd,,linkerd-tap-969455d5-x4c65,,0,,,,,linkerd-tap,tap,linkerd,inbound,no_tls_from_remote,969455d5,,no_identity,linkerd,,,,,,,,,
1612451225.892,response_latency_ms_sum,,,10.1.2.29:4191,linkerd-proxy,linkerd,,linkerd-tap-969455d5-x4c65,,0,,,,,linkerd-tap,tap,linkerd,inbound,no_tls_from_remote,969455d5,,no_identity,linkerd,,,,,,,,,
1612451235.892,response_latency_ms_sum,,,10.1.2.29:4191,linkerd-proxy,linkerd,,linkerd-tap-969455d5-x4c65,,0,,,,,linkerd-tap,tap,linkerd,inbound,no_tls_from_remote,969455d5,,no_identity,linkerd,,,,,,,,,
1612451245.892,response_latency_ms_sum,,,10.1.2.29:4191,linkerd-proxy,linkerd,,linkerd-tap-969455d5-x4c65,,0,,,,,linkerd-tap,tap,linkerd,inbound,no_tls_from_remote,969455d5,,no_identity,linkerd,,,,,,,,,
1612451255.892,response_latency_ms_sum,,,10.1.2.29:4191,linkerd-proxy,linkerd,,linkerd-tap-969455d5-x4c65,,0,,,,,linkerd-tap,tap,linkerd,inbound,no_tls_from_remote,969455d5,,no_identity,linkerd,,,,,,,,,
1612451265.892,response_latency_ms_sum,,,10.1.2.29:4191,linkerd-proxy,linkerd,,linkerd-tap-969455d5-x4c65,,0,,,,,linkerd-tap,tap,linkerd,inbound,no_tls_from_remote,969455d5,,no_identity,linkerd,,,,,,,,,
1612451275.892,response_latency_ms_sum,,,10.1.2.29:4191,linkerd-proxy,linkerd,,linkerd-tap-969455d5-x4c65,,0,,,,,linkerd-tap,tap,linkerd,inbound,no_tls_from_remote,969455d5,,no_identity,linkerd,,,,,,,,,
1612451285.892,response_latency_ms_sum,,,10.1.2.29:4191,linkerd-proxy,linkerd,,linkerd-tap-969455d5-x4c65,,0,,,,,linkerd-tap,tap,linkerd,inbound,no_tls_from_remote,969455d5,,no_identity,linkerd,,,,,,,,,
1612451295.892,response_latency_ms_sum,,,10.1.2.29:4191,linkerd-proxy,linkerd,,linkerd-tap-969455d5-x4c65,,0,,,,,linkerd-tap,tap,linkerd,inbound,no_tls_from_remote,969455d5,,no_identity,linkerd,,,,,,,,,
1612451305.892,response_latency_ms_sum,,,10.1.2.29:4191,linkerd-proxy,linkerd,,linkerd-tap-969455d5-x4c65,,0,,,,,linkerd-tap,tap,linkerd,inbound,no_tls_from_remote,969455d5,,no_identity,linkerd,,,,,,,,,
1612451195.892,response_latency_ms_sum,,,10.1.2.29:4191,linkerd-proxy,linkerd,,linkerd-tap-969455d5-x4c65,,1,,,,,linkerd-tap,tap,linkerd,inbound,no_tls_from_remote,969455d5,200,no_identity,linkerd,,,,,,,,,
1612451205.892,response_latency_ms_sum,,,10.1.2.29:4191,linkerd-proxy,linkerd,,linkerd-tap-969455d5-x4c65,,1,,,,,linkerd-tap,tap,linkerd,inbound,no_tls_from_remote,969455d5,200,no_identity,linkerd,,,,,,,,,
1612451215.892,response_latency_ms_sum,,,10.1.2.29:4191,linkerd-proxy,linkerd,,linkerd-tap-969455d5-x4c65,,1,,,,,linkerd-tap,tap,linkerd,inbound,no_tls_from_remote,969455d5,200,no_identity,linkerd,,,,,,,,,
1612451225.892,response_latency_ms_sum,,,10.1.2.29:4191,linkerd-proxy,linkerd,,linkerd-tap-969455d5-x4c65,,1,,,,,linkerd-tap,tap,linkerd,inbound,no_tls_from_remote,969455d5,200,no_identity,linkerd,,,,,,,,,
1612451235.892,response_latency_ms_sum,,,10.1.2.29:4191,linkerd-proxy,linkerd,,linkerd-tap-969455d5-x4c65,,1,,,,,linkerd-tap,tap,linkerd,inbound,no_tls_from_remote,969455d5,200,no_identity,linkerd,,,,,,,,,
1612451245.892,response_latency_ms_sum,,,10.1.2.29:4191,linkerd-proxy,linkerd,,linkerd-tap-969455d5-x4c65,,1,,,,,linkerd-tap,tap,linkerd,inbound,no_tls_from_remote,969455d5,200,no_identity,linkerd,,,,,,,,,
1612451255.892,response_latency_ms_sum,,,10.1.2.29:4191,linkerd-proxy,linkerd,,linkerd-tap-969455d5-x4c65,,1,,,,,linkerd-tap,tap,linkerd,inbound,no_tls_from_remote,969455d5,200,no_identity,linkerd,,,,,,,,,
1612451265.892,response_latency_ms_sum,,,10.1.2.29:4191,linkerd-proxy,linkerd,,linkerd-tap-969455d5-x4c65,,1,,,,,linkerd-tap,tap,linkerd,inbound,no_tls_from_remote,969455d5,200,no_identity,linkerd,,,,,,,,,
1612451275.892,response_latency_ms_sum,,,10.1.2.29:4191,linkerd-proxy,linkerd,,linkerd-tap-969455d5-x4c65,,1,,,,,linkerd-tap,tap,linkerd,inbound,no_tls_from_remote,969455d5,200,no_identity,linkerd,,,,,,,,,
1612451285.892,response_latency_ms_sum,,,10.1.2.29:4191,linkerd-proxy,linkerd,,linkerd-tap-969455d5-x4c65,,1,,,,,linkerd-tap,tap,linkerd,inbound,no_tls_from_remote,969455d5,200,no_identity,linkerd,,,,,,,,,
1612451295.892,response_latency_ms_sum,,,10.1.2.29:4191,linkerd-proxy,linkerd,,linkerd-tap-969455d5-x4c65,,1,,,,,linkerd-tap,tap,linkerd,inbound,no_tls_from_remote,969455d5,200,no_identity,linkerd,,,,,,,,,
1612451305.892,response_latency_ms_sum,,,10.1.2.29:4191,linkerd-proxy,linkerd,,linkerd-tap-969455d5-x4c65,,1,,,,,linkerd-tap,tap,linkerd,inbound,no_tls_from_remote,969455d5,200,no_identity,linkerd,,,,,,,,,
1612451195.892,response_latency_ms_sum,,,10.1.2.29:4191,linkerd-proxy,linkerd,,linkerd-tap-969455d5-x4c65,,710,,,,,linkerd-tap,tap,linkerd,inbound,,969455d5,200,true,linkerd,,linkerd-prometheus.linkerd.serviceaccount.identity.linkerd.cluster.local,,,,,,,
1612451205.892,response_latency_ms_sum,,,10.1.2.29:4191,linkerd-proxy,linkerd,,linkerd-tap-969455d5-x4c65,,711,,,,,linkerd-tap,tap,linkerd,inbound,,969455d5,200,true,linkerd,,linkerd-prometheus.linkerd.serviceaccount.identity.linkerd.cluster.local,,,,,,,
1612451215.892,response_latency_ms_sum,,,10.1.2.29:4191,linkerd-proxy,linkerd,,linkerd-tap-969455d5-x4c65,,712,,,,,linkerd-tap,tap,linkerd,inbound,,969455d5,200,true,linkerd,,linkerd-prometheus.linkerd.serviceaccount.identity.linkerd.cluster.local,,,,,,,
1612451225.892,response_latency_ms_sum,,,10.1.2.29:4191,linkerd-proxy,linkerd,,linkerd-tap-969455d5-x4c65,,713,,,,,linkerd-tap,tap,linkerd,inbound,,969455d5,200,true,linkerd,,linkerd-prometheus.linkerd.serviceaccount.identity.linkerd.cluster.local,,,,,,,
1612451235.892,response_latency_ms_sum,,,10.1.2.29:4191,linkerd-proxy,linkerd,,linkerd-tap-969455d5-x4c65,,714,,,,,linkerd-tap,tap,linkerd,inbound,,969455d5,200,true,linkerd,,linkerd-prometheus.linkerd.serviceaccount.identity.linkerd.cluster.local,,,,,,,
1612451245.892,response_latency_ms_sum,,,10.1.2.29:4191,linkerd-proxy,linkerd,,linkerd-tap-969455d5-x4c65,,715,,,,,linkerd-tap,tap,linkerd,inbound,,969455d5,200,true,linkerd,,linkerd-prometheus.linkerd.serviceaccount.identity.linkerd.cluster.local,,,,,,,
1612451255.892,response_latency_ms_sum,,,10.1.2.29:4191,linkerd-proxy,linkerd,,linkerd-tap-969455d5-x4c65,,716,,,,,linkerd-tap,tap,linkerd,inbound,,969455d5,200,true,linkerd,,linkerd-prometheus.linkerd.serviceaccount.identity.linkerd.cluster.local,,,,,,,
1612451265.892,response_latency_ms_sum,,,10.1.2.29:4191,linkerd-proxy,linkerd,,linkerd-tap-969455d5-x4c65,,717,,,,,linkerd-tap,tap,linkerd,inbound,,969455d5,200,true,linkerd,,linkerd-prometheus.linkerd.serviceaccount.identity.linkerd.cluster.local,,,,,,,
1612451275.892,response_latency_ms_sum,,,10.1.2.29:4191,linkerd-proxy,linkerd,,linkerd-tap-969455d5-x4c65,,718,,,,,linkerd-tap,tap,linkerd,inbound,,969455d5,200,true,linkerd,,linkerd-prometheus.linkerd.serviceaccount.identity.linkerd.cluster.local,,,,,,,
1612451285.892,response_latency_ms_sum,,,10.1.2.29:4191,linkerd-proxy,linkerd,,linkerd-tap-969455d5-x4c65,,719,,,,,linkerd-tap,tap,linkerd,inbound,,969455d5,200,true,linkerd,,linkerd-prometheus.linkerd.serviceaccount.identity.linkerd.cluster.local,,,,,,,
1612451295.892,response_latency_ms_sum,,,10.1.2.29:4191,linkerd-proxy,linkerd,,linkerd-tap-969455d5-x4c65,,720,,,,,linkerd-tap,tap,linkerd,inbound,,969455d5,200,true,linkerd,,linkerd-prometheus.linkerd.serviceaccount.identity.linkerd.cluster.local,,,,,,,
1612451305.892,response_latency_ms_sum,,,10.1.2.29:4191,linkerd-proxy,linkerd,,linkerd-tap-969455d5-x4c65,,721,,,,,linkerd-tap,tap,linkerd,inbound,,969455d5,200,true,linkerd,,linkerd-prometheus.linkerd.serviceaccount.identity.linkerd.cluster.local,,,,,,,
1612451199.002,response_latency_ms_sum,,,10.1.2.33:4191,linkerd-proxy,linkerd,,linkerd-proxy-injector-6bb795c888-kpwns,,711,,,,,linkerd-proxy-injector,proxy-injector,linkerd,inbound,,6bb795c888,200,true,linkerd,,linkerd-prometheus.linkerd.serviceaccount.identity.linkerd.cluster.local,,,,,,,
1612451209.002,response_latency_ms_sum,,,10.1.2.33:4191,linkerd-proxy,linkerd,,linkerd-proxy-injector-6bb795c888-kpwns,,712,,,,,linkerd-proxy-injector,proxy-injector,linkerd,inbound,,6bb795c888,200,true,linkerd,,linkerd-prometheus.linkerd.serviceaccount.identity.linkerd.cluster.local,,,,,,,
1612451219.002,response_latency_ms_sum,,,10.1.2.33:4191,linkerd-proxy,linkerd,,linkerd-proxy-injector-6bb795c888-kpwns,,713,,,,,linkerd-proxy-injector,proxy-injector,linkerd,inbound,,6bb795c888,200,true,linkerd,,linkerd-prometheus.linkerd.serviceaccount.identity.linkerd.cluster.local,,,,,,,
1612451229.002,response_latency_ms_sum,,,10.1.2.33:4191,linkerd-proxy,linkerd,,linkerd-proxy-injector-6bb795c888-kpwns,,714,,,,,linkerd-proxy-injector,proxy-injector,linkerd,inbound,,6bb795c888,200,true,linkerd,,linkerd-prometheus.linkerd.serviceaccount.identity.linkerd.cluster.local,,,,,,,
1612451239.002,response_latency_ms_sum,,,10.1.2.33:4191,linkerd-proxy,linkerd,,linkerd-proxy-injector-6bb795c888-kpwns,,715,,,,,linkerd-proxy-injector,proxy-injector,linkerd,inbound,,6bb795c888,200,true,linkerd,,linkerd-prometheus.linkerd.serviceaccount.identity.linkerd.cluster.local,,,,,,,
1612451249.002,response_latency_ms_sum,,,10.1.2.33:4191,linkerd-proxy,linkerd,,linkerd-proxy-injector-6bb795c888-kpwns,,716,,,,,linkerd-proxy-injector,proxy-injector,linkerd,inbound,,6bb795c888,200,true,linkerd,,linkerd-prometheus.linkerd.serviceaccount.identity.linkerd.cluster.local,,,,,,,
1612451259.002,response_latency_ms_sum,,,10.1.2.33:4191,linkerd-proxy,linkerd,,linkerd-proxy-injector-6bb795c888-kpwns,,717,,,,,linkerd-proxy-injector,proxy-injector,linkerd,inbound,,6bb795c888,200,true,linkerd,,linkerd-prometheus.linkerd.serviceaccount.identity.linkerd.cluster.local,,,,,,,
1612451269.002,response_latency_ms_sum,,,10.1.2.33:4191,linkerd-proxy,linkerd,,linkerd-proxy-injector-6bb795c888-kpwns,,718,,,,,linkerd-proxy-injector,proxy-injector,linkerd,inbound,,6bb795c888,200,true,linkerd,,linkerd-prometheus.linkerd.serviceaccount.identity.linkerd.cluster.local,,,,,,,
1612451279.002,response_latency_ms_sum,,,10.1.2.33:4191,linkerd-proxy,linkerd,,linkerd-proxy-injector-6bb795c888-kpwns,,719,,,,,linkerd-proxy-injector,proxy-injector,linkerd,inbound,,6bb795c888,200,true,linkerd,,linkerd-prometheus.linkerd.serviceaccount.identity.linkerd.cluster.local,,,,,,,
1612451289.002,response_latency_ms_sum,,,10.1.2.33:4191,linkerd-proxy,linkerd,,linkerd-proxy-injector-6bb795c888-kpwns,,720,,,,,linkerd-proxy-injector,proxy-injector,linkerd,inbound,,6bb795c888,200,true,linkerd,,linkerd-prometheus.linkerd.serviceaccount.identity.linkerd.cluster.local,,,,,,,
1612451299.002,response_latency_ms_sum,,,10.1.2.33:4191,linkerd-proxy,linkerd,,linkerd-proxy-injector-6bb795c888-kpwns,,721,,,,,linkerd-proxy-injector,proxy-injector,linkerd,inbound,,6bb795c888,200,true,linkerd,,linkerd-prometheus.linkerd.serviceaccount.identity.linkerd.cluster.local,,,,,,,
1612451309.002,response_latency_ms_sum,,,10.1.2.33:4191,linkerd-proxy,linkerd,,linkerd-proxy-injector-6bb795c888-kpwns,,722,,,,,linkerd-proxy-injector,proxy-injector,linkerd,inbound,,6bb795c888,200,true,linkerd,,linkerd-prometheus.linkerd.serviceaccount.identity.linkerd.cluster.local,,,,,,,
1612451199.131,response_latency_ms_sum,,,10.1.2.24:4191,linkerd-proxy,linkerd,,linkerd-sp-validator-6d989499d7-ch5hx,,674,,,,,linkerd-sp-validator,sp-validator,linkerd,inbound,,6d989499d7,200,true,linkerd,,linkerd-prometheus.linkerd.serviceaccount.identity.linkerd.cluster.local,,,,,,,
1612451209.131,response_latency_ms_sum,,,10.1.2.24:4191,linkerd-proxy,linkerd,,linkerd-sp-validator-6d989499d7-ch5hx,,675,,,,,linkerd-sp-validator,sp-validator,linkerd,inbound,,6d989499d7,200,true,linkerd,,linkerd-prometheus.linkerd.serviceaccount.identity.linkerd.cluster.local,,,,,,,
1612451219.131,response_latency_ms_sum,,,10.1.2.24:4191,linkerd-proxy,linkerd,,linkerd-sp-validator-6d989499d7-ch5hx,,676,,,,,linkerd-sp-validator,sp-validator,linkerd,inbound,,6d989499d7,200,true,linkerd,,linkerd-prometheus.linkerd.serviceaccount.identity.linkerd.cluster.local,,,,,,,
1612451229.131,response_latency_ms_sum,,,10.1.2.24:4191,linkerd-proxy,linkerd,,linkerd-sp-validator-6d989499d7-ch5hx,,677,,,,,linkerd-sp-validator,sp-validator,linkerd,inbound,,6d989499d7,200,true,linkerd,,linkerd-prometheus.linkerd.serviceaccount.identity.linkerd.cluster.local,,,,,,,
1612451239.131,response_latency_ms_sum,,,10.1.2.24:4191,linkerd-proxy,linkerd,,linkerd-sp-validator-6d989499d7-ch5hx,,678,,,,,linkerd-sp-validator,sp-validator,linkerd,inbound,,6d989499d7,200,true,linkerd,,linkerd-prometheus.linkerd.serviceaccount.identity.linkerd.cluster.local,,,,,,,
1612451249.131,response_latency_ms_sum,,,10.1.2.24:4191,linkerd-proxy,linkerd,,linkerd-sp-validator-6d989499d7-ch5hx,,679,,,,,linkerd-sp-validator,sp-validator,linkerd,inbound,,6d989499d7,200,true,linkerd,,linkerd-prometheus.linkerd.serviceaccount.identity.linkerd.cluster.local,,,,,,,
1612451259.131,response_latency_ms_sum,,,10.1.2.24:4191,linkerd-proxy,linkerd,,linkerd-sp-validator-6d989499d7-ch5hx,,680,,,,,linkerd-sp-validator,sp-validator,linkerd,inbound,,6d989499d7,200,true,linkerd,,linkerd-prometheus.linkerd.serviceaccount.identity.linkerd.cluster.local,,,,,,,
1612451269.131,response_latency_ms_sum,,,10.1.2.24:4191,linkerd-proxy,linkerd,,linkerd-sp-validator-6d989499d7-ch5hx,,681,,,,,linkerd-sp-validator,sp-validator,linkerd,inbound,,6d989499d7,200,true,linkerd,,linkerd-prometheus.linkerd.serviceaccount.identity.linkerd.cluster.local,,,,,,,
1612451279.131,response_latency_ms_sum,,,10.1.2.24:4191,linkerd-proxy,linkerd,,linkerd-sp-validator-6d989499d7-ch5hx,,682,,,,,linkerd-sp-validator,sp-validator,linkerd,inbound,,6d989499d7,200,true,linkerd,,linkerd-prometheus.linkerd.serviceaccount.identity.linkerd.cluster.local,,,,,,,
1612451289.131,response_latency_ms_sum,,,10.1.2.24:4191,linkerd-proxy,linkerd,,linkerd-sp-validator-6d989499d7-ch5hx,,683,,,,,linkerd-sp-validator,sp-validator,linkerd,inbound,,6d989499d7,200,true,linkerd,,linkerd-prometheus.linkerd.serviceaccount.identity.linkerd.cluster.local,,,,,,,
1612451299.131,response_latency_ms_sum,,,10.1.2.24:4191,linkerd-proxy,linkerd,,linkerd-sp-validator-6d989499d7-ch5hx,,684,,,,,linkerd-sp-validator,sp-validator,linkerd,inbound,,6d989499d7,200,true,linkerd,,linkerd-prometheus.linkerd.serviceaccount.identity.linkerd.cluster.local,,,,,,,
1612451309.131,response_latency_ms_sum,,,10.1.2.24:4191,linkerd-proxy,linkerd,,linkerd-sp-validator-6d989499d7-ch5hx,,685,,,,,linkerd-sp-validator,sp-validator,linkerd,inbound,,6d989499d7,200,true,linkerd,,linkerd-prometheus.linkerd.serviceaccount.identity.linkerd.cluster.local,,,,,,,
1612451190.14,response_latency_ms_sum,,,10.1.2.32:4191,linkerd-proxy,linkerd,,linkerd-web-5697bf7579-ptnds,,687,,,,,linkerd-web,web,linkerd,inbound,,5697bf7579,200,true,linkerd,,linkerd-prometheus.linkerd.serviceaccount.identity.linkerd.cluster.local,,,,,,,
1612451200.14,response_latency_ms_sum,,,10.1.2.32:4191,linkerd-proxy,linkerd,,linkerd-web-5697bf7579-ptnds,,688,,,,,linkerd-web,web,linkerd,inbound,,5697bf7579,200,true,linkerd,,linkerd-prometheus.linkerd.serviceaccount.identity.linkerd.cluster.local,,,,,,,
1612451210.14,response_latency_ms_sum,,,10.1.2.32:4191,linkerd-proxy,linkerd,,linkerd-web-5697bf7579-ptnds,,689,,,,,linkerd-web,web,linkerd,inbound,,5697bf7579,200,true,linkerd,,linkerd-prometheus.linkerd.serviceaccount.identity.linkerd.cluster.local,,,,,,,
1612451220.14,response_latency_ms_sum,,,10.1.2.32:4191,linkerd-proxy,linkerd,,linkerd-web-5697bf7579-ptnds,,690,,,,,linkerd-web,web,linkerd,inbound,,5697bf7579,200,true,linkerd,,linkerd-prometheus.linkerd.serviceaccount.identity.linkerd.cluster.local,,,,,,,
1612451230.14,response_latency_ms_sum,,,10.1.2.32:4191,linkerd-proxy,linkerd,,linkerd-web-5697bf7579-ptnds,,691,,,,,linkerd-web,web,linkerd,inbound,,5697bf7579,200,true,linkerd,,linkerd-prometheus.linkerd.serviceaccount.identity.linkerd.cluster.local,,,,,,,
1612451240.14,response_latency_ms_sum,,,10.1.2.32:4191,linkerd-proxy,linkerd,,linkerd-web-5697bf7579-ptnds,,692,,,,,linkerd-web,web,linkerd,inbound,,5697bf7579,200,true,linkerd,,linkerd-prometheus.linkerd.serviceaccount.identity.linkerd.cluster.local,,,,,,,
1612451250.14,response_latency_ms_sum,,,10.1.2.32:4191,linkerd-proxy,linkerd,,linkerd-web-5697bf7579-ptnds,,693,,,,,linkerd-web,web,linkerd,inbound,,5697bf7579,200,true,linkerd,,linkerd-prometheus.linkerd.serviceaccount.identity.linkerd.cluster.local,,,,,,,
1612451260.14,response_latency_ms_sum,,,10.1.2.32:4191,linkerd-proxy,linkerd,,linkerd-web-5697bf7579-ptnds,,694,,,,,linkerd-web,web,linkerd,inbound,,5697bf7579,200,true,linkerd,,linkerd-prometheus.linkerd.serviceaccount.identity.linkerd.cluster.local,,,,,,,
1612451270.14,response_latency_ms_sum,,,10.1.2.32:4191,linkerd-proxy,linkerd,,linkerd-web-5697bf7579-ptnds,,695,,,,,linkerd-web,web,linkerd,inbound,,5697bf7579,200,true,linkerd,,linkerd-prometheus.linkerd.serviceaccount.identity.linkerd.cluster.local,,,,,,,
1612451280.14,response_latency_ms_sum,,,10.1.2.32:4191,linkerd-proxy,linkerd,,linkerd-web-5697bf7579-ptnds,,696,,,,,linkerd-web,web,linkerd,inbound,,5697bf7579,200,true,linkerd,,linkerd-prometheus.linkerd.serviceaccount.identity.linkerd.cluster.local,,,,,,,
1612451290.14,response_latency_ms_sum,,,10.1.2.32:4191,linkerd-proxy,linkerd,,linkerd-web-5697bf7579-ptnds,,697,,,,,linkerd-web,web,linkerd,inbound,,5697bf7579,200,true,linkerd,,linkerd-prometheus.linkerd.serviceaccount.identity.linkerd.cluster.local,,,,,,,
1612451300.14,response_latency_ms_sum,,,10.1.2.32:4191,linkerd-proxy,linkerd,,linkerd-web-5697bf7579-ptnds,,698,,,,,linkerd-web,web,linkerd,inbound,,5697bf7579,200,true,linkerd,,linkerd-prometheus.linkerd.serviceaccount.identity.linkerd.cluster.local,,,,,,,
1612451190.413,response_latency_ms_sum,,,10.1.2.31:4191,linkerd-proxy,linkerd,,linkerd-identity-59b578f747-7dldl,,728,,,,,linkerd-identity,identity,linkerd,inbound,no_peer_id_from_remote,59b578f747,200,no_identity,linkerd,,,,,,,,,
1612451200.413,response_latency_ms_sum,,,10.1.2.31:4191,linkerd-proxy,linkerd,,linkerd-identity-59b578f747-7dldl,,729,,,,,linkerd-identity,identity,linkerd,inbound,no_peer_id_from_remote,59b578f747,200,no_identity,linkerd,,,,,,,,,
1612451210.413,response_latency_ms_sum,,,10.1.2.31:4191,linkerd-proxy,linkerd,,linkerd-identity-59b578f747-7dldl,,730,,,,,linkerd-identity,identity,linkerd,inbound,no_peer_id_from_remote,59b578f747,200,no_identity,linkerd,,,,,,,,,
1612451220.413,response_latency_ms_sum,,,10.1.2.31:4191,linkerd-proxy,linkerd,,linkerd-identity-59b578f747-7dldl,,731,,,,,linkerd-identity,identity,linkerd,inbound,no_peer_id_from_remote,59b578f747,200,no_identity,linkerd,,,,,,,,,
1612451230.413,response_latency_ms_sum,,,10.1.2.31:4191,linkerd-proxy,linkerd,,linkerd-identity-59b578f747-7dldl,,732,,,,,linkerd-identity,identity,linkerd,inbound,no_peer_id_from_remote,59b578f747,200,no_identity,linkerd,,,,,,,,,
1612451240.413,response_latency_ms_sum,,,10.1.2.31:4191,linkerd-proxy,linkerd,,linkerd-identity-59b578f747-7dldl,,733,,,,,linkerd-identity,identity,linkerd,inbound,no_peer_id_from_remote,59b578f747,200,no_identity,linkerd,,,,,,,,,
1612451250.413,response_latency_ms_sum,,,10.1.2.31:4191,linkerd-proxy,linkerd,,linkerd-identity-59b578f747-7dldl,,734,,,,,linkerd-identity,identity,linkerd,inbound,no_peer_id_from_remote,59b578f747,200,no_identity,linkerd,,,,,,,,,
1612451260.413,response_latency_ms_sum,,,10.1.2.31:4191,linkerd-proxy,linkerd,,linkerd-identity-59b578f747-7dldl,,735,,,,,linkerd-identity,identity,linkerd,inbound,no_peer_id_from_remote,59b578f747,200,no_identity,linkerd,,,,,,,,,
1612451270.413,response_latency_ms_sum,,,10.1.2.31:4191,linkerd-proxy,linkerd,,linkerd-identity-59b578f747-7dldl,,736,,,,,linkerd-identity,identity,linkerd,inbound,no_peer_id_from_remote,59b578f747,200,no_identity,linkerd,,,,,,,,,
1612451280.413,response_latency_ms_sum,,,10.1.2.31:4191,linkerd-proxy,linkerd,,linkerd-identity-59b578f747-7dldl,,737,,,,,linkerd-identity,identity,linkerd,inbound,no_peer_id_from_remote,59b578f747,200,no_identity,linkerd,,,,,,,,,
1612451290.413,response_latency_ms_sum,,,10.1.2.31:4191,linkerd-proxy,linkerd,,linkerd-identity-59b578f747-7dldl,,738,,,,,linkerd-identity,identity,linkerd,inbound,no_peer_id_from_remote,59b578f747,200,no_identity,linkerd,,,,,,,,,
1612451300.413,response_latency_ms_sum,,,10.1.2.31:4191,linkerd-proxy,linkerd,,linkerd-identity-59b578f747-7dldl,,739,,,,,linkerd-identity,identity,linkerd,inbound,no_peer_id_from_remote,59b578f747,200,no_identity,linkerd,,,,,,,,,
1612451191.709,response_latency_ms_sum,,,10.1.2.30:4191,linkerd-proxy,linkerd,,linkerd-grafana-5dc6c885c4-8kr4l,,1095,,,,,linkerd-grafana,grafana,linkerd,inbound,,5dc6c885c4,200,true,linkerd,,linkerd-prometheus.linkerd.serviceaccount.identity.linkerd.cluster.local,,,,,,,
1612451201.709,response_latency_ms_sum,,,10.1.2.30:4191,linkerd-proxy,linkerd,,linkerd-grafana-5dc6c885c4-8kr4l,,1096,,,,,linkerd-grafana,grafana,linkerd,inbound,,5dc6c885c4,200,true,linkerd,,linkerd-prometheus.linkerd.serviceaccount.identity.linkerd.cluster.local,,,,,,,
1612451211.709,response_latency_ms_sum,,,10.1.2.30:4191,linkerd-proxy,linkerd,,linkerd-grafana-5dc6c885c4-8kr4l,,1097,,,,,linkerd-grafana,grafana,linkerd,inbound,,5dc6c885c4,200,true,linkerd,,linkerd-prometheus.linkerd.serviceaccount.identity.linkerd.cluster.local,,,,,,,
1612451221.709,response_latency_ms_sum,,,10.1.2.30:4191,linkerd-proxy,linkerd,,linkerd-grafana-5dc6c885c4-8kr4l,,1098,,,,,linkerd-grafana,grafana,linkerd,inbound,,5dc6c885c4,200,true,linkerd,,linkerd-prometheus.linkerd.serviceaccount.identity.linkerd.cluster.local,,,,,,,
1612451231.708,response_latency_ms_sum,,,10.1.2.30:4191,linkerd-proxy,linkerd,,linkerd-grafana-5dc6c885c4-8kr4l,,1100,,,,,linkerd-grafana,grafana,linkerd,inbound,,5dc6c885c4,200,true,linkerd,,linkerd-prometheus.linkerd.serviceaccount.identity.linkerd.cluster.local,,,,,,,
1612451241.709,response_latency_ms_sum,,,10.1.2.30:4191,linkerd-proxy,linkerd,,linkerd-grafana-5dc6c885c4-8kr4l,,1101,,,,,linkerd-grafana,grafana,linkerd,inbound,,5dc6c885c4,200,true,linkerd,,linkerd-prometheus.linkerd.serviceaccount.identity.linkerd.cluster.local,,,,,,,
1612451251.709,response_latency_ms_sum,,,10.1.2.30:4191,linkerd-proxy,linkerd,,linkerd-grafana-5dc6c885c4-8kr4l,,1102,,,,,linkerd-grafana,grafana,linkerd,inbound,,5dc6c885c4,200,true,linkerd,,linkerd-prometheus.linkerd.serviceaccount.identity.linkerd.cluster.local,,,,,,,
1612451261.709,response_latency_ms_sum,,,10.1.2.30:4191,linkerd-proxy,linkerd,,linkerd-grafana-5dc6c885c4-8kr4l,,1103,,,,,linkerd-grafana,grafana,linkerd,inbound,,5dc6c885c4,200,true,linkerd,,linkerd-prometheus.linkerd.serviceaccount.identity.linkerd.cluster.local,,,,,,,
1612451271.709,response_latency_ms_sum,,,10.1.2.30:4191,linkerd-proxy,linkerd,,linkerd-grafana-5dc6c885c4-8kr4l,,1104,,,,,linkerd-grafana,grafana,linkerd,inbound,,5dc6c885c4,200,true,linkerd,,linkerd-prometheus.linkerd.serviceaccount.identity.linkerd.cluster.local,,,,,,,
1612451281.709,response_latency_ms_sum,,,10.1.2.30:4191,linkerd-proxy,linkerd,,linkerd-grafana-5dc6c885c4-8kr4l,,1105,,,,,linkerd-grafana,grafana,linkerd,inbound,,5dc6c885c4,200,true,linkerd,,linkerd-prometheus.linkerd.serviceaccount.identity.linkerd.cluster.local,,,,,,,
1612451291.709,response_latency_ms_sum,,,10.1.2.30:4191,linkerd-proxy,linkerd,,linkerd-grafana-5dc6c885c4-8kr4l,,1106,,,,,linkerd-grafana,grafana,linkerd,inbound,,5dc6c885c4,200,true,linkerd,,linkerd-prometheus.linkerd.serviceaccount.identity.linkerd.cluster.local,,,,,,,
1612451301.708,response_latency_ms_sum,,,10.1.2.30:4191,linkerd-proxy,linkerd,,linkerd-grafana-5dc6c885c4-8kr4l,,1108,,,,,linkerd-grafana,grafana,linkerd,inbound,,5dc6c885c4,200,true,linkerd,,linkerd-prometheus.linkerd.serviceaccount.identity.linkerd.cluster.local,,,,,,,
1612451194.335,response_latency_ms_sum,,,10.1.2.27:4191,linkerd-proxy,linkerd,,linkerd-destination-7cc4785bf6-llf5t,,708,,,,,linkerd-destination,destination,linkerd,inbound,,7cc4785bf6,200,true,linkerd,,linkerd-prometheus.linkerd.serviceaccount.identity.linkerd.cluster.local,,,,,,,
1612451204.335,response_latency_ms_sum,,,10.1.2.27:4191,linkerd-proxy,linkerd,,linkerd-destination-7cc4785bf6-llf5t,,709,,,,,linkerd-destination,destination,linkerd,inbound,,7cc4785bf6,200,true,linkerd,,linkerd-prometheus.linkerd.serviceaccount.identity.linkerd.cluster.local,,,,,,,
1612451214.335,response_latency_ms_sum,,,10.1.2.27:4191,linkerd-proxy,linkerd,,linkerd-destination-7cc4785bf6-llf5t,,710,,,,,linkerd-destination,destination,linkerd,inbound,,7cc4785bf6,200,true,linkerd,,linkerd-prometheus.linkerd.serviceaccount.identity.linkerd.cluster.local,,,,,,,
1612451224.335,response_latency_ms_sum,,,10.1.2.27:4191,linkerd-proxy,linkerd,,linkerd-destination-7cc4785bf6-llf5t,,711,,,,,linkerd-destination,destination,linkerd,inbound,,7cc4785bf6,200,true,linkerd,,linkerd-prometheus.linkerd.serviceaccount.identity.linkerd.cluster.local,,,,,,,
1612451234.335,response_latency_ms_sum,,,10.1.2.27:4191,linkerd-proxy,linkerd,,linkerd-destination-7cc4785bf6-llf5t,,712,,,,,linkerd-destination,destination,linkerd,inbound,,7cc4785bf6,200,true,linkerd,,linkerd-prometheus.linkerd.serviceaccount.identity.linkerd.cluster.local,,,,,,,
1612451244.335,response_latency_ms_sum,,,10.1.2.27:4191,linkerd-proxy,linkerd,,linkerd-destination-7cc4785bf6-llf5t,,713,,,,,linkerd-destination,destination,linkerd,inbound,,7cc4785bf6,200,true,linkerd,,linkerd-prometheus.linkerd.serviceaccount.identity.linkerd.cluster.local,,,,,,,
1612451254.335,response_latency_ms_sum,,,10.1.2.27:4191,linkerd-proxy,linkerd,,linkerd-destination-7cc4785bf6-llf5t,,714,,,,,linkerd-destination,destination,linkerd,inbound,,7cc4785bf6,200,true,linkerd,,linkerd-prometheus.linkerd.serviceaccount.identity.linkerd.cluster.local,,,,,,,
1612451264.335,response_latency_ms_sum,,,10.1.2.27:4191,linkerd-proxy,linkerd,,linkerd-destination-7cc4785bf6-llf5t,,715,,,,,linkerd-destination,destination,linkerd,inbound,,7cc4785bf6,200,true,linkerd,,linkerd-prometheus.linkerd.serviceaccount.identity.linkerd.cluster.local,,,,,,,
1612451274.335,response_latency_ms_sum,,,10.1.2.27:4191,linkerd-proxy,linkerd,,linkerd-destination-7cc4785bf6-llf5t,,716,,,,,linkerd-destination,destination,linkerd,inbound,,7cc4785bf6,200,true,linkerd,,linkerd-prometheus.linkerd.serviceaccount.identity.linkerd.cluster.local,,,,,,,
1612451284.335,response_latency_ms_sum,,,10.1.2.27:4191,linkerd-proxy,linkerd,,linkerd-destination-7cc4785bf6-llf5t,,717,,,,,linkerd-destination,destination,linkerd,inbound,,7cc4785bf6,200,true,linkerd,,linkerd-prometheus.linkerd.serviceaccount.identity.linkerd.cluster.local,,,,,,,
1612451294.335,response_latency_ms_sum,,,10.1.2.27:4191,linkerd-proxy,linkerd,,linkerd-destination-7cc4785bf6-llf5t,,718,,,,,linkerd-destination,destination,linkerd,inbound,,7cc4785bf6,200,true,linkerd,,linkerd-prometheus.linkerd.serviceaccount.identity.linkerd.cluster.local,,,,,,,
1612451304.335,response_latency_ms_sum,,,10.1.2.27:4191,linkerd-proxy,linkerd,,linkerd-destination-7cc4785bf6-llf5t,,719,,,,,linkerd-destination,destination,linkerd,inbound,,7cc4785bf6,200,true,linkerd,,linkerd-prometheus.linkerd.serviceaccount.identity.linkerd.cluster.local,,,,,,,
1612451195.185,response_latency_ms_sum,,,10.1.2.28:4191,linkerd-proxy,linkerd,,linkerd-prometheus-7cc868fc59-82qll,,8,,,,,linkerd-prometheus,prometheus,linkerd,outbound,,7cc868fc59,200,true,linkerd,10.1.2.22:4191,,linkerd,sandbox-deployment,sandbox,sandbox-deployment-66fc8df7fd-zmzm9,66fc8df7fd,default,default.sandbox.serviceaccount.identity.linkerd.cluster.local
1612451205.185,response_latency_ms_sum,,,10.1.2.28:4191,linkerd-proxy,linkerd,,linkerd-prometheus-7cc868fc59-82qll,,8,,,,,linkerd-prometheus,prometheus,linkerd,outbound,,7cc868fc59,200,true,linkerd,10.1.2.22:4191,,linkerd,sandbox-deployment,sandbox,sandbox-deployment-66fc8df7fd-zmzm9,66fc8df7fd,default,default.sandbox.serviceaccount.identity.linkerd.cluster.local
1612451215.186,response_latency_ms_sum,,,10.1.2.28:4191,linkerd-proxy,linkerd,,linkerd-prometheus-7cc868fc59-82qll,,8,,,,,linkerd-prometheus,prometheus,linkerd,outbound,,7cc868fc59,200,true,linkerd,10.1.2.22:4191,,linkerd,sandbox-deployment,sandbox,sandbox-deployment-66fc8df7fd-zmzm9,66fc8df7fd,default,default.sandbox.serviceaccount.identity.linkerd.cluster.local
1612451225.185,response_latency_ms_sum,,,10.1.2.28:4191,linkerd-proxy,linkerd,,linkerd-prometheus-7cc868fc59-82qll,,8,,,,,linkerd-prometheus,prometheus,linkerd,outbound,,7cc868fc59,200,true,linkerd,10.1.2.22:4191,,linkerd,sandbox-deployment,sandbox,sandbox-deployment-66fc8df7fd-zmzm9,66fc8df7fd,default,default.sandbox.serviceaccount.identity.linkerd.cluster.local
1612451235.185,response_latency_ms_sum,,,10.1.2.28:4191,linkerd-proxy,linkerd,,linkerd-prometheus-7cc868fc59-82qll,,8,,,,,linkerd-prometheus,prometheus,linkerd,outbound,,7cc868fc59,200,true,linkerd,10.1.2.22:4191,,linkerd,sandbox-deployment,sandbox,sandbox-deployment-66fc8df7fd-zmzm9,66fc8df7fd,default,default.sandbox.serviceaccount.identity.linkerd.cluster.local
1612451245.185,response_latency_ms_sum,,,10.1.2.28:4191,linkerd-proxy,linkerd,,linkerd-prometheus-7cc868fc59-82qll,,8,,,,,linkerd-prometheus,prometheus,linkerd,outbound,,7cc868fc59,200,true,linkerd,10.1.2.22:4191,,linkerd,sandbox-deployment,sandbox,sandbox-deployment-66fc8df7fd-zmzm9,66fc8df7fd,default,default.sandbox.serviceaccount.identity.linkerd.cluster.local
1612451255.185,response_latency_ms_sum,,,10.1.2.28:4191,linkerd-proxy,linkerd,,linkerd-prometheus-7cc868fc59-82qll,,8,,,,,linkerd-prometheus,prometheus,linkerd,outbound,,7cc868fc59,200,true,linkerd,10.1.2.22:4191,,linkerd,sandbox-deployment,sandbox,sandbox-deployment-66fc8df7fd-zmzm9,66fc8df7fd,default,default.sandbox.serviceaccount.identity.linkerd.cluster.local
1612451265.185,response_latency_ms_sum,,,10.1.2.28:4191,linkerd-proxy,linkerd,,linkerd-prometheus-7cc868fc59-82qll,,8,,,,,linkerd-prometheus,prometheus,linkerd,outbound,,7cc868fc59,200,true,linkerd,10.1.2.22:4191,,linkerd,sandbox-deployment,sandbox,sandbox-deployment-66fc8df7fd-zmzm9,66fc8df7fd,default,default.sandbox.serviceaccount.identity.linkerd.cluster.local
1612451275.185,response_latency_ms_sum,,,10.1.2.28:4191,linkerd-proxy,linkerd,,linkerd-prometheus-7cc868fc59-82qll,,8,,,,,linkerd-prometheus,prometheus,linkerd,outbound,,7cc868fc59,200,true,linkerd,10.1.2.22:4191,,linkerd,sandbox-deployment,sandbox,sandbox-deployment-66fc8df7fd-zmzm9,66fc8df7fd,default,default.sandbox.serviceaccount.identity.linkerd.cluster.local
1612451285.185,response_latency_ms_sum,,,10.1.2.28:4191,linkerd-proxy,linkerd,,linkerd-prometheus-7cc868fc59-82qll,,8,,,,,linkerd-prometheus,prometheus,linkerd,outbound,,7cc868fc59,200,true,linkerd,10.1.2.22:4191,,linkerd,sandbox-deployment,sandbox,sandbox-deployment-66fc8df7fd-zmzm9,66fc8df7fd,default,default.sandbox.serviceaccount.identity.linkerd.cluster.local
1612451295.185,response_latency_ms_sum,,,10.1.2.28:4191,linkerd-proxy,linkerd,,linkerd-prometheus-7cc868fc59-82qll,,8,,,,,linkerd-prometheus,prometheus,linkerd,outbound,,7cc868fc59,200,true,linkerd,10.1.2.22:4191,,linkerd,sandbox-deployment,sandbox,sandbox-deployment-66fc8df7fd-zmzm9,66fc8df7fd,default,default.sandbox.serviceaccount.identity.linkerd.cluster.local
1612451305.185,response_latency_ms_sum,,,10.1.2.28:4191,linkerd-proxy,linkerd,,linkerd-prometheus-7cc868fc59-82qll,,8,,,,,linkerd-prometheus,prometheus,linkerd,outbound,,7cc868fc59,200,true,linkerd,10.1.2.22:4191,,linkerd,sandbox-deployment,sandbox,sandbox-deployment-66fc8df7fd-zmzm9,66fc8df7fd,default,default.sandbox.serviceaccount.identity.linkerd.cluster.local
1612451195.185,response_latency_ms_sum,,,10.1.2.28:4191,linkerd-proxy,linkerd,,linkerd-prometheus-7cc868fc59-82qll,,1,,,,,linkerd-prometheus,prometheus,linkerd,outbound,,7cc868fc59,200,true,linkerd,10.1.2.20:4191,,linkerd,sandbox-deployment,sandbox,sandbox-deployment-66fc8df7fd-tw7wp,66fc8df7fd,default,default.sandbox.serviceaccount.identity.linkerd.cluster.local
1612451205.185,response_latency_ms_sum,,,10.1.2.28:4191,linkerd-proxy,linkerd,,linkerd-prometheus-7cc868fc59-82qll,,1,,,,,linkerd-prometheus,prometheus,linkerd,outbound,,7cc868fc59,200,true,linkerd,10.1.2.20:4191,,linkerd,sandbox-deployment,sandbox,sandbox-deployment-66fc8df7fd-tw7wp,66fc8df7fd,default,default.sandbox.serviceaccount.identity.linkerd.cluster.local
1612451215.186,response_latency_ms_sum,,,10.1.2.28:4191,linkerd-proxy,linkerd,,linkerd-prometheus-7cc868fc59-82qll,,1,,,,,linkerd-prometheus,prometheus,linkerd,outbound,,7cc868fc59,200,true,linkerd,10.1.2.20:4191,,linkerd,sandbox-deployment,sandbox,sandbox-deployment-66fc8df7fd-tw7wp,66fc8df7fd,default,default.sandbox.serviceaccount.identity.linkerd.cluster.local
1612451225.185,response_latency_ms_sum,,,10.1.2.28:4191,linkerd-proxy,linkerd,,linkerd-prometheus-7cc868fc59-82qll,,1,,,,,linkerd-prometheus,prometheus,linkerd,outbound,,7cc868fc59,200,true,linkerd,10.1.2.20:4191,,linkerd,sandbox-deployment,sandbox,sandbox-deployment-66fc8df7fd-tw7wp,66fc8df7fd,default,default.sandbox.serviceaccount.identity.linkerd.cluster.local
1612451235.185,response_latency_ms_sum,,,10.1.2.28:4191,linkerd-proxy,linkerd,,linkerd-prometheus-7cc868fc59-82qll,,1,,,,,linkerd-prometheus,prometheus,linkerd,outbound,,7cc868fc59,200,true,linkerd,10.1.2.20:4191,,linkerd,sandbox-deployment,sandbox,sandbox-deployment-66fc8df7fd-tw7wp,66fc8df7fd,default,default.sandbox.serviceaccount.identity.linkerd.cluster.local
1612451245.185,response_latency_ms_sum,,,10.1.2.28:4191,linkerd-proxy,linkerd,,linkerd-prometheus-7cc868fc59-82qll,,1,,,,,linkerd-prometheus,prometheus,linkerd,outbound,,7cc868fc59,200,true,linkerd,10.1.2.20:4191,,linkerd,sandbox-deployment,sandbox,sandbox-deployment-66fc8df7fd-tw7wp,66fc8df7fd,default,default.sandbox.serviceaccount.identity.linkerd.cluster.local
1612451255.185,response_latency_ms_sum,,,10.1.2.28:4191,linkerd-proxy,linkerd,,linkerd-prometheus-7cc868fc59-82qll,,1,,,,,linkerd-prometheus,prometheus,linkerd,outbound,,7cc868fc59,200,true,linkerd,10.1.2.20:4191,,linkerd,sandbox-deployment,sandbox,sandbox-deployment-66fc8df7fd-tw7wp,66fc8df7fd,default,default.sandbox.serviceaccount.identity.linkerd.cluster.local
1612451265.185,response_latency_ms_sum,,,10.1.2.28:4191,linkerd-proxy,linkerd,,linkerd-prometheus-7cc868fc59-82qll,,1,,,,,linkerd-prometheus,prometheus,linkerd,outbound,,7cc868fc59,200,true,linkerd,10.1.2.20:4191,,linkerd,sandbox-deployment,sandbox,sandbox-deployment-66fc8df7fd-tw7wp,66fc8df7fd,default,default.sandbox.serviceaccount.identity.linkerd.cluster.local
1612451275.185,response_latency_ms_sum,,,10.1.2.28:4191,linkerd-proxy,linkerd,,linkerd-prometheus-7cc868fc59-82qll,,1,,,,,linkerd-prometheus,prometheus,linkerd,outbound,,7cc868fc59,200,true,linkerd,10.1.2.20:4191,,linkerd,sandbox-deployment,sandbox,sandbox-deployment-66fc8df7fd-tw7wp,66fc8df7fd,default,default.sandbox.serviceaccount.identity.linkerd.cluster.local
1612451285.185,response_latency_ms_sum,,,10.1.2.28:4191,linkerd-proxy,linkerd,,linkerd-prometheus-7cc868fc59-82qll,,1,,,,,linkerd-prometheus,prometheus,linkerd,outbound,,7cc868fc59,200,true,linkerd,10.1.2.20:4191,,linkerd,sandbox-deployment,sandbox,sandbox-deployment-66fc8df7fd-tw7wp,66fc8df7fd,default,default.sandbox.serviceaccount.identity.linkerd.cluster.local
1612451295.185,response_latency_ms_sum,,,10.1.2.28:4191,linkerd-proxy,linkerd,,linkerd-prometheus-7cc868fc59-82qll,,1,,,,,linkerd-prometheus,prometheus,linkerd,outbound,,7cc868fc59,200,true,linkerd,10.1.2.20:4191,,linkerd,sandbox-deployment,sandbox,sandbox-deployment-66fc8df7fd-tw7wp,66fc8df7fd,default,default.sandbox.serviceaccount.identity.linkerd.cluster.local
1612451305.185,response_latency_ms_sum,,,10.1.2.28:4191,linkerd-proxy,linkerd,,linkerd-prometheus-7cc868fc59-82qll,,1,,,,,linkerd-prometheus,prometheus,linkerd,outbound,,7cc868fc59,200,true,linkerd,10.1.2.20:4191,,linkerd,sandbox-deployment,sandbox,sandbox-deployment-66fc8df7fd-tw7wp,66fc8df7fd,default,default.sandbox.serviceaccount.identity.linkerd.cluster.local
1612451195.185,response_latency_ms_sum,,,10.1.2.28:4191,linkerd-proxy,linkerd,,linkerd-prometheus-7cc868fc59-82qll,,618,,,,,linkerd-prometheus,prometheus,linkerd,outbound,,7cc868fc59,200,true,linkerd,10.1.2.29:4191,,linkerd,linkerd-tap,linkerd,linkerd-tap-969455d5-x4c65,969455d5,linkerd-tap,linkerd-tap.linkerd.serviceaccount.identity.linkerd.cluster.local
1612451205.185,response_latency_ms_sum,,,10.1.2.28:4191,linkerd-proxy,linkerd,,linkerd-prometheus-7cc868fc59-82qll,,618,,,,,linkerd-prometheus,prometheus,linkerd,outbound,,7cc868fc59,200,true,linkerd,10.1.2.29:4191,,linkerd,linkerd-tap,linkerd,linkerd-tap-969455d5-x4c65,969455d5,linkerd-tap,linkerd-tap.linkerd.serviceaccount.identity.linkerd.cluster.local
1612451215.186,response_latency_ms_sum,,,10.1.2.28:4191,linkerd-proxy,linkerd,,linkerd-prometheus-7cc868fc59-82qll,,619,,,,,linkerd-prometheus,prometheus,linkerd,outbound,,7cc868fc59,200,true,linkerd,10.1.2.29:4191,,linkerd,linkerd-tap,linkerd,linkerd-tap-969455d5-x4c65,969455d5,linkerd-tap,linkerd-tap.linkerd.serviceaccount.identity.linkerd.cluster.local
1612451225.185,response_latency_ms_sum,,,10.1.2.28:4191,linkerd-proxy,linkerd,,linkerd-prometheus-7cc868fc59-82qll,,620,,,,,linkerd-prometheus,prometheus,linkerd,outbound,,7cc868fc59,200,true,linkerd,10.1.2.29:4191,,linkerd,linkerd-tap,linkerd,linkerd-tap-969455d5-x4c65,969455d5,linkerd-tap,linkerd-tap.linkerd.serviceaccount.identity.linkerd.cluster.local
1612451235.185,response_latency_ms_sum,,,10.1.2.28:4191,linkerd-proxy,linkerd,,linkerd-prometheus-7cc868fc59-82qll,,621,,,,,linkerd-prometheus,prometheus,linkerd,outbound,,7cc868fc59,200,true,linkerd,10.1.2.29:4191,,linkerd,linkerd-tap,linkerd,linkerd-tap-969455d5-x4c65,969455d5,linkerd-tap,linkerd-tap.linkerd.serviceaccount.identity.linkerd.cluster.local
1612451245.185,response_latency_ms_sum,,,10.1.2.28:4191,linkerd-proxy,linkerd,,linkerd-prometheus-7cc868fc59-82qll,,622,,,,,linkerd-prometheus,prometheus,linkerd,outbound,,7cc868fc59,200,true,linkerd,10.1.2.29:4191,,linkerd,linkerd-tap,linkerd,linkerd-tap-969455d5-x4c65,969455d5,linkerd-tap,linkerd-tap.linkerd.serviceaccount.identity.linkerd.cluster.local
1612451255.185,response_latency_ms_sum,,,10.1.2.28:4191,linkerd-proxy,linkerd,,linkerd-prometheus-7cc868fc59-82qll,,623,,,,,linkerd-prometheus,prometheus,linkerd,outbound,,7cc868fc59,200,true,linkerd,10.1.2.29:4191,,linkerd,linkerd-tap,linkerd,linkerd-tap-969455d5-x4c65,969455d5,linkerd-tap,linkerd-tap.linkerd.serviceaccount.identity.linkerd.cluster.local
1612451265.185,response_latency_ms_sum,,,10.1.2.28:4191,linkerd-proxy,linkerd,,linkerd-prometheus-7cc868fc59-82qll,,624,,,,,linkerd-prometheus,prometheus,linkerd,outbound,,7cc868fc59,200,true,linkerd,10.1.2.29:4191,,linkerd,linkerd-tap,linkerd,linkerd-tap-969455d5-x4c65,969455d5,linkerd-tap,linkerd-tap.linkerd.serviceaccount.identity.linkerd.cluster.local
1612451275.185,response_latency_ms_sum,,,10.1.2.28:4191,linkerd-proxy,linkerd,,linkerd-prometheus-7cc868fc59-82qll,,625,,,,,linkerd-prometheus,prometheus,linkerd,outbound,,7cc868fc59,200,true,linkerd,10.1.2.29:4191,,linkerd,linkerd-tap,linkerd,linkerd-tap-969455d5-x4c65,969455d5,linkerd-tap,linkerd-tap.linkerd.serviceaccount.identity.linkerd.cluster.local
1612451285.185,response_latency_ms_sum,,,10.1.2.28:4191,linkerd-proxy,linkerd,,linkerd-prometheus-7cc868fc59-82qll,,626,,,,,linkerd-prometheus,prometheus,linkerd,outbound,,7cc868fc59,200,true,linkerd,10.1.2.29:4191,,linkerd,linkerd-tap,linkerd,linkerd-tap-969455d5-x4c65,969455d5,linkerd-tap,linkerd-tap.linkerd.serviceaccount.identity.linkerd.cluster.local
1612451295.185,response_latency_ms_sum,,,10.1.2.28:4191,linkerd-proxy,linkerd,,linkerd-prometheus-7cc868fc59-82qll,,627,,,,,linkerd-prometheus,prometheus,linkerd,outbound,,7cc868fc59,200,true,linkerd,10.1.2.29:4191,,linkerd,linkerd-tap,linkerd,linkerd-tap-969455d5-x4c65,969455d5,linkerd-tap,linkerd-tap.linkerd.serviceaccount.identity.linkerd.cluster.local
1612451305.185,response_latency_ms_sum,,,10.1.2.28:4191,linkerd-proxy,linkerd,,linkerd-prometheus-7cc868fc59-82qll,,628,,,,,linkerd-prometheus,prometheus,linkerd,outbound,,7cc868fc59,200,true,linkerd,10.1.2.29:4191,,linkerd,linkerd-tap,linkerd,linkerd-tap-969455d5-x4c65,969455d5,linkerd-tap,linkerd-tap.linkerd.serviceaccount.identity.linkerd.cluster.local
1612451195.185,response_latency_ms_sum,,,10.1.2.28:4191,linkerd-proxy,linkerd,,linkerd-prometheus-7cc868fc59-82qll,,753,,,,,linkerd-prometheus,prometheus,linkerd,outbound,,7cc868fc59,200,true,linkerd,10.1.2.27:9996,,linkerd,linkerd-destination,linkerd,linkerd-destination-7cc4785bf6-llf5t,7cc4785bf6,linkerd-destination,linkerd-destination.linkerd.serviceaccount.identity.linkerd.cluster.local
1612451205.185,response_latency_ms_sum,,,10.1.2.28:4191,linkerd-proxy,linkerd,,linkerd-prometheus-7cc868fc59-82qll,,754,,,,,linkerd-prometheus,prometheus,linkerd,outbound,,7cc868fc59,200,true,linkerd,10.1.2.27:9996,,linkerd,linkerd-destination,linkerd,linkerd-destination-7cc4785bf6-llf5t,7cc4785bf6,linkerd-destination,linkerd-destination.linkerd.serviceaccount.identity.linkerd.cluster.local
1612451215.186,response_latency_ms_sum,,,10.1.2.28:4191,linkerd-proxy,linkerd,,linkerd-prometheus-7cc868fc59-82qll,,755,,,,,linkerd-prometheus,prometheus,linkerd,outbound,,7cc868fc59,200,true,linkerd,10.1.2.27:9996,,linkerd,linkerd-destination,linkerd,linkerd-destination-7cc4785bf6-llf5t,7cc4785bf6,linkerd-destination,linkerd-destination.linkerd.serviceaccount.identity.linkerd.cluster.local
1612451225.185,response_latency_ms_sum,,,10.1.2.28:4191,linkerd-proxy,linkerd,,linkerd-prometheus-7cc868fc59-82qll,,756,,,,,linkerd-prometheus,prometheus,linkerd,outbound,,7cc868fc59,200,true,linkerd,10.1.2.27:9996,,linkerd,linkerd-destination,linkerd,linkerd-destination-7cc4785bf6-llf5t,7cc4785bf6,linkerd-destination,linkerd-destination.linkerd.serviceaccount.identity.linkerd.cluster.local
1612451235.185,response_latency_ms_sum,,,10.1.2.28:4191,linkerd-proxy,linkerd,,linkerd-prometheus-7cc868fc59-82qll,,757,,,,,linkerd-prometheus,prometheus,linkerd,outbound,,7cc868fc59,200,true,linkerd,10.1.2.27:9996,,linkerd,linkerd-destination,linkerd,linkerd-destination-7cc4785bf6-llf5t,7cc4785bf6,linkerd-destination,linkerd-destination.linkerd.serviceaccount.identity.linkerd.cluster.local
1612451245.185,response_latency_ms_sum,,,10.1.2.28:4191,linkerd-proxy,linkerd,,linkerd-prometheus-7cc868fc59-82qll,,758,,,,,linkerd-prometheus,prometheus,linkerd,outbound,,7cc868fc59,200,true,linkerd,10.1.2.27:9996,,linkerd,linkerd-destination,linkerd,linkerd-destination-7cc4785bf6-llf5t,7cc4785bf6,linkerd-destination,linkerd-destination.linkerd.serviceaccount.identity.linkerd.cluster.local
1612451255.185,response_latency_ms_sum,,,10.1.2.28:4191,linkerd-proxy,linkerd,,linkerd-prometheus-7cc868fc59-82qll,,759,,,,,linkerd-prometheus,prometheus,linkerd,outbound,,7cc868fc59,200,true,linkerd,10.1.2.27:9996,,linkerd,linkerd-destination,linkerd,linkerd-destination-7cc4785bf6-llf5t,7cc4785bf6,linkerd-destination,linkerd-destination.linkerd.serviceaccount.identity.linkerd.cluster.local
1612451265.185,response_latency_ms_sum,,,10.1.2.28:4191,linkerd-proxy,linkerd,,linkerd-prometheus-7cc868fc59-82qll,,760,,,,,linkerd-prometheus,prometheus,linkerd,outbound,,7cc868fc59,200,true,linkerd,10.1.2.27:9996,,linkerd,linkerd-destination,linkerd,linkerd-destination-7cc4785bf6-llf5t,7cc4785bf6,linkerd-destination,linkerd-destination.linkerd.serviceaccount.identity.linkerd.cluster.local
1612451275.185,response_latency_ms_sum,,,10.1.2.28:4191,linkerd-proxy,linkerd,,linkerd-prometheus-7cc868fc59-82qll,,761,,,,,linkerd-prometheus,prometheus,linkerd,outbound,,7cc868fc59,200,true,linkerd,10.1.2.27:9996,,linkerd,linkerd-destination,linkerd,linkerd-destination-7cc4785bf6-llf5t,7cc4785bf6,linkerd-destination,linkerd-destination.linkerd.serviceaccount.identity.linkerd.cluster.local
1612451285.185,response_latency_ms_sum,,,10.1.2.28:4191,linkerd-proxy,linkerd,,linkerd-prometheus-7cc868fc59-82qll,,762,,,,,linkerd-prometheus,prometheus,linkerd,outbound,,7cc868fc59,200,true,linkerd,10.1.2.27:9996,,linkerd,linkerd-destination,linkerd,linkerd-destination-7cc4785bf6-llf5t,7cc4785bf6,linkerd-destination,linkerd-destination.linkerd.serviceaccount.identity.linkerd.cluster.local
1612451295.185,response_latency_ms_sum,,,10.1.2.28:4191,linkerd-proxy,linkerd,,linkerd-prometheus-7cc868fc59-82qll,,763,,,,,linkerd-prometheus,prometheus,linkerd,outbound,,7cc868fc59,200,true,linkerd,10.1.2.27:9996,,linkerd,linkerd-destination,linkerd,linkerd-destination-7cc4785bf6-llf5t,7cc4785bf6,linkerd-destination,linkerd-destination.linkerd.serviceaccount.identity.linkerd.cluster.local
1612451305.185,response_latency_ms_sum,,,10.1.2.28:4191,linkerd-proxy,linkerd,,linkerd-prometheus-7cc868fc59-82qll,,764,,,,,linkerd-prometheus,prometheus,linkerd,outbound,,7cc868fc59,200,true,linkerd,10.1.2.27:9996,,linkerd,linkerd-destination,linkerd,linkerd-destination-7cc4785bf6-llf5t,7cc4785bf6,linkerd-destination,linkerd-destination.linkerd.serviceaccount.identity.linkerd.cluster.local
1612451195.185,response_latency_ms_sum,,,10.1.2.28:4191,linkerd-proxy,linkerd,,linkerd-prometheus-7cc868fc59-82qll,,15,,,,,linkerd-prometheus,prometheus,linkerd,inbound,no_tls_from_remote,7cc868fc59,200,no_identity,linkerd,localhost:30506,,,,,,,,
1612451205.185,response_latency_ms_sum,,,10.1.2.28:4191,linkerd-proxy,linkerd,,linkerd-prometheus-7cc868fc59-82qll,,15,,,,,linkerd-prometheus,prometheus,linkerd,inbound,no_tls_from_remote,7cc868fc59,200,no_identity,linkerd,localhost:30506,,,,,,,,
1612451215.186,response_latency_ms_sum,,,10.1.2.28:4191,linkerd-proxy,linkerd,,linkerd-prometheus-7cc868fc59-82qll,,15,,,,,linkerd-prometheus,prometheus,linkerd,inbound,no_tls_from_remote,7cc868fc59,200,no_identity,linkerd,localhost:30506,,,,,,,,
1612451225.185,response_latency_ms_sum,,,10.1.2.28:4191,linkerd-proxy,linkerd,,linkerd-prometheus-7cc868fc59-82qll,,18,,,,,linkerd-prometheus,prometheus,linkerd,inbound,no_tls_from_remote,7cc868fc59,200,no_identity,linkerd,localhost:30506,,,,,,,,
1612451235.185,response_latency_ms_sum,,,10.1.2.28:4191,linkerd-proxy,linkerd,,linkerd-prometheus-7cc868fc59-82qll,,18,,,,,linkerd-prometheus,prometheus,linkerd,inbound,no_tls_from_remote,7cc868fc59,200,no_identity,linkerd,localhost:30506,,,,,,,,
1612451245.185,response_latency_ms_sum,,,10.1.2.28:4191,linkerd-proxy,linkerd,,linkerd-prometheus-7cc868fc59-82qll,,18,,,,,linkerd-prometheus,prometheus,linkerd,inbound,no_tls_from_remote,7cc868fc59,200,no_identity,linkerd,localhost:30506,,,,,,,,
1612451255.185,response_latency_ms_sum,,,10.1.2.28:4191,linkerd-proxy,linkerd,,linkerd-prometheus-7cc868fc59-82qll,,18,,,,,linkerd-prometheus,prometheus,linkerd,inbound,no_tls_from_remote,7cc868fc59,200,no_identity,linkerd,localhost:30506,,,,,,,,
1612451265.185,response_latency_ms_sum,,,10.1.2.28:4191,linkerd-proxy,linkerd,,linkerd-prometheus-7cc868fc59-82qll,,18,,,,,linkerd-prometheus,prometheus,linkerd,inbound,no_tls_from_remote,7cc868fc59,200,no_identity,linkerd,localhost:30506,,,,,,,,
1612451275.185,response_latency_ms_sum,,,10.1.2.28:4191,linkerd-proxy,linkerd,,linkerd-prometheus-7cc868fc59-82qll,,18,,,,,linkerd-prometheus,prometheus,linkerd,inbound,no_tls_from_remote,7cc868fc59,200,no_identity,linkerd,localhost:30506,,,,,,,,
1612451285.185,response_latency_ms_sum,,,10.1.2.28:4191,linkerd-proxy,linkerd,,linkerd-prometheus-7cc868fc59-82qll,,18,,,,,linkerd-prometheus,prometheus,linkerd,inbound,no_tls_from_remote,7cc868fc59,200,no_identity,linkerd,localhost:30506,,,,,,,,
1612451295.185,response_latency_ms_sum,,,10.1.2.28:4191,linkerd-proxy,linkerd,,linkerd-prometheus-7cc868fc59-82qll,,18,,,,,linkerd-prometheus,prometheus,linkerd,inbound,no_tls_from_remote,7cc868fc59,200,no_identity,linkerd,localhost:30506,,,,,,,,
1612451305.185,response_latency_ms_sum,,,10.1.2.28:4191,linkerd-proxy,linkerd,,linkerd-prometheus-7cc868fc59-82qll,,18,,,,,linkerd-prometheus,prometheus,linkerd,inbound,no_tls_from_remote,7cc868fc59,200,no_identity,linkerd,localhost:30506,,,,,,,,
1612451195.185,response_latency_ms_sum,,,10.1.2.28:4191,linkerd-proxy,linkerd,,linkerd-prometheus-7cc868fc59-82qll,,0,,,,,linkerd-prometheus,prometheus,linkerd,outbound,,7cc868fc59,200,true,linkerd,10.1.2.34:4191,,linkerd,sandbox-deployment,sandbox,sandbox-deployment-66fc8df7fd-pkllm,66fc8df7fd,default,default.sandbox.serviceaccount.identity.linkerd.cluster.local
1612451205.185,response_latency_ms_sum,,,10.1.2.28:4191,linkerd-proxy,linkerd,,linkerd-prometheus-7cc868fc59-82qll,,0,,,,,linkerd-prometheus,prometheus,linkerd,outbound,,7cc868fc59,200,true,linkerd,10.1.2.34:4191,,linkerd,sandbox-deployment,sandbox,sandbox-deployment-66fc8df7fd-pkllm,66fc8df7fd,default,default.sandbox.serviceaccount.identity.linkerd.cluster.local
1612451215.186,response_latency_ms_sum,,,10.1.2.28:4191,linkerd-proxy,linkerd,,linkerd-prometheus-7cc868fc59-82qll,,0,,,,,linkerd-prometheus,prometheus,linkerd,outbound,,7cc868fc59,200,true,linkerd,10.1.2.34:4191,,linkerd,sandbox-deployment,sandbox,sandbox-deployment-66fc8df7fd-pkllm,66fc8df7fd,default,default.sandbox.serviceaccount.identity.linkerd.cluster.local
1612451225.185,response_latency_ms_sum,,,10.1.2.28:4191,linkerd-proxy,linkerd,,linkerd-prometheus-7cc868fc59-82qll,,0,,,,,linkerd-prometheus,prometheus,linkerd,outbound,,7cc868fc59,200,true,linkerd,10.1.2.34:4191,,linkerd,sandbox-deployment,sandbox,sandbox-deployment-66fc8df7fd-pkllm,66fc8df7fd,default,default.sandbox.serviceaccount.identity.linkerd.cluster.local
1612451235.185,response_latency_ms_sum,,,10.1.2.28:4191,linkerd-proxy,linkerd,,linkerd-prometheus-7cc868fc59-82qll,,0,,,,,linkerd-prometheus,prometheus,linkerd,outbound,,7cc868fc59,200,true,linkerd,10.1.2.34:4191,,linkerd,sandbox-deployment,sandbox,sandbox-deployment-66fc8df7fd-pkllm,66fc8df7fd,default,default.sandbox.serviceaccount.identity.linkerd.cluster.local
1612451245.185,response_latency_ms_sum,,,10.1.2.28:4191,linkerd-proxy,linkerd,,linkerd-prometheus-7cc868fc59-82qll,,0,,,,,linkerd-prometheus,prometheus,linkerd,outbound,,7cc868fc59,200,true,linkerd,10.1.2.34:4191,,linkerd,sandbox-deployment,sandbox,sandbox-deployment-66fc8df7fd-pkllm,66fc8df7fd,default,default.sandbox.serviceaccount.identity.linkerd.cluster.local
1612451255.185,response_latency_ms_sum,,,10.1.2.28:4191,linkerd-proxy,linkerd,,linkerd-prometheus-7cc868fc59-82qll,,0,,,,,linkerd-prometheus,prometheus,linkerd,outbound,,7cc868fc59,200,true,linkerd,10.1.2.34:4191,,linkerd,sandbox-deployment,sandbox,sandbox-deployment-66fc8df7fd-pkllm,66fc8df7fd,default,default.sandbox.serviceaccount.identity.linkerd.cluster.local
1612451265.185,response_latency_ms_sum,,,10.1.2.28:4191,linkerd-proxy,linkerd,,linkerd-prometheus-7cc868fc59-82qll,,0,,,,,linkerd-prometheus,prometheus,linkerd,outbound,,7cc868fc59,200,true,linkerd,10.1.2.34:4191,,linkerd,sandbox-deployment,sandbox,sandbox-deployment-66fc8df7fd-pkllm,66fc8df7fd,default,default.sandbox.serviceaccount.identity.linkerd.cluster.local
1612451275.185,response_latency_ms_sum,,,10.1.2.28:4191,linkerd-proxy,linkerd,,linkerd-prometheus-7cc868fc59-82qll,,0,,,,,linkerd-prometheus,prometheus,linkerd,outbound,,7cc868fc59,200,true,linkerd,10.1.2.34:4191,,linkerd,sandbox-deployment,sandbox,sandbox-deployment-66fc8df7fd-pkllm,66fc8df7fd,default,default.sandbox.serviceaccount.identity.linkerd.cluster.local
1612451285.185,response_latency_ms_sum,,,10.1.2.28:4191,linkerd-proxy,linkerd,,linkerd-prometheus-7cc868fc59-82qll,,0,,,,,linkerd-prometheus,prometheus,linkerd,outbound,,7cc868fc59,200,true,linkerd,10.1.2.34:4191,,linkerd,sandbox-deployment,sandbox,sandbox-deployment-66fc8df7fd-pkllm,66fc8df7fd,default,default.sandbox.serviceaccount.identity.linkerd.cluster.local
1612451295.185,response_latency_ms_sum,,,10.1.2.28:4191,linkerd-proxy,linkerd,,linkerd-prometheus-7cc868fc59-82qll,,0,,,,,linkerd-prometheus,prometheus,linkerd,outbound,,7cc868fc59,200,true,linkerd,10.1.2.34:4191,,linkerd,sandbox-deployment,sandbox,sandbox-deployment-66fc8df7fd-pkllm,66fc8df7fd,default,default.sandbox.serviceaccount.identity.linkerd.cluster.local
1612451305.185,response_latency_ms_sum,,,10.1.2.28:4191,linkerd-proxy,linkerd,,linkerd-prometheus-7cc868fc59-82qll,,0,,,,,linkerd-prometheus,prometheus,linkerd,outbound,,7cc868fc59,200,true,linkerd,10.1.2.34:4191,,linkerd,sandbox-deployment,sandbox,sandbox-deployment-66fc8df7fd-pkllm,66fc8df7fd,default,default.sandbox.serviceaccount.identity.linkerd.cluster.local
1612451195.185,response_latency_ms_sum,,,10.1.2.28:4191,linkerd-proxy,linkerd,,linkerd-prometheus-7cc868fc59-82qll,,0,,,,,linkerd-prometheus,prometheus,linkerd,outbound,,7cc868fc59,200,true,linkerd,10.1.2.35:4191,,linkerd,sandbox-deployment,sandbox,sandbox-deployment-8745b9b79-lzhf6,8745b9b79,default,default.sandbox.serviceaccount.identity.linkerd.cluster.local
1612451205.185,response_latency_ms_sum,,,10.1.2.28:4191,linkerd-proxy,linkerd,,linkerd-prometheus-7cc868fc59-82qll,,0,,,,,linkerd-prometheus,prometheus,linkerd,outbound,,7cc868fc59,200,true,linkerd,10.1.2.35:4191,,linkerd,sandbox-deployment,sandbox,sandbox-deployment-8745b9b79-lzhf6,8745b9b79,default,default.sandbox.serviceaccount.identity.linkerd.cluster.local
1612451215.186,response_latency_ms_sum,,,10.1.2.28:4191,linkerd-proxy,linkerd,,linkerd-prometheus-7cc868fc59-82qll,,0,,,,,linkerd-prometheus,prometheus,linkerd,outbound,,7cc868fc59,200,true,linkerd,10.1.2.35:4191,,linkerd,sandbox-deployment,sandbox,sandbox-deployment-8745b9b79-lzhf6,8745b9b79,default,default.sandbox.serviceaccount.identity.linkerd.cluster.local
1612451225.185,response_latency_ms_sum,,,10.1.2.28:4191,linkerd-proxy,linkerd,,linkerd-prometheus-7cc868fc59-82qll,,0,,,,,linkerd-prometheus,prometheus,linkerd,outbound,,7cc868fc59,200,true,linkerd,10.1.2.35:4191,,linkerd,sandbox-deployment,sandbox,sandbox-deployment-8745b9b79-lzhf6,8745b9b79,default,default.sandbox.serviceaccount.identity.linkerd.cluster.local
1612451235.185,response_latency_ms_sum,,,10.1.2.28:4191,linkerd-proxy,linkerd,,linkerd-prometheus-7cc868fc59-82qll,,0,,,,,linkerd-prometheus,prometheus,linkerd,outbound,,7cc868fc59,200,true,linkerd,10.1.2.35:4191,,linkerd,sandbox-deployment,sandbox,sandbox-deployment-8745b9b79-lzhf6,8745b9b79,default,default.sandbox.serviceaccount.identity.linkerd.cluster.local
1612451245.185,response_latency_ms_sum,,,10.1.2.28:4191,linkerd-proxy,linkerd,,linkerd-prometheus-7cc868fc59-82qll,,0,,,,,linkerd-prometheus,prometheus,linkerd,outbound,,7cc868fc59,200,true,linkerd,10.1.2.35:4191,,linkerd,sandbox-deployment,sandbox,sandbox-deployment-8745b9b79-lzhf6,8745b9b79,default,default.sandbox.serviceaccount.identity.linkerd.cluster.local
1612451255.185,response_latency_ms_sum,,,10.1.2.28:4191,linkerd-proxy,linkerd,,linkerd-prometheus-7cc868fc59-82qll,,0,,,,,linkerd-prometheus,prometheus,linkerd,outbound,,7cc868fc59,200,true,linkerd,10.1.2.35:4191,,linkerd,sandbox-deployment,sandbox,sandbox-deployment-8745b9b79-lzhf6,8745b9b79,default,default.sandbox.serviceaccount.identity.linkerd.cluster.local
1612451265.185,response_latency_ms_sum,,,10.1.2.28:4191,linkerd-proxy,linkerd,,linkerd-prometheus-7cc868fc59-82qll,,0,,,,,linkerd-prometheus,prometheus,linkerd,outbound,,7cc868fc59,200,true,linkerd,10.1.2.35:4191,,linkerd,sandbox-deployment,sandbox,sandbox-deployment-8745b9b79-lzhf6,8745b9b79,default,default.sandbox.serviceaccount.identity.linkerd.cluster.local
1612451275.185,response_latency_ms_sum,,,10.1.2.28:4191,linkerd-proxy,linkerd,,linkerd-prometheus-7cc868fc59-82qll,,0,,,,,linkerd-prometheus,prometheus,linkerd,outbound,,7cc868fc59,200,true,linkerd,10.1.2.35:4191,,linkerd,sandbox-deployment,sandbox,sandbox-deployment-8745b9b79-lzhf6,8745b9b79,default,default.sandbox.serviceaccount.identity.linkerd.cluster.local
1612451285.185,response_latency_ms_sum,,,10.1.2.28:4191,linkerd-proxy,linkerd,,linkerd-prometheus-7cc868fc59-82qll,,0,,,,,linkerd-prometheus,prometheus,linkerd,outbound,,7cc868fc59,200,true,linkerd,10.1.2.35:4191,,linkerd,sandbox-deployment,sandbox,sandbox-deployment-8745b9b79-lzhf6,8745b9b79,default,default.sandbox.serviceaccount.identity.linkerd.cluster.local
1612451295.185,response_latency_ms_sum,,,10.1.2.28:4191,linkerd-proxy,linkerd,,linkerd-prometheus-7cc868fc59-82qll,,0,,,,,linkerd-prometheus,prometheus,linkerd,outbound,,7cc868fc59,200,true,linkerd,10.1.2.35:4191,,linkerd,sandbox-deployment,sandbox,sandbox-deployment-8745b9b79-lzhf6,8745b9b79,default,default.sandbox.serviceaccount.identity.linkerd.cluster.local
1612451305.185,response_latency_ms_sum,,,10.1.2.28:4191,linkerd-proxy,linkerd,,linkerd-prometheus-7cc868fc59-82qll,,0,,,,,linkerd-prometheus,prometheus,linkerd,outbound,,7cc868fc59,200,true,linkerd,10.1.2.35:4191,,linkerd,sandbox-deployment,sandbox,sandbox-deployment-8745b9b79-lzhf6,8745b9b79,default,default.sandbox.serviceaccount.identity.linkerd.cluster.local
1612451195.185,response_latency_ms_sum,,,10.1.2.28:4191,linkerd-proxy,linkerd,,linkerd-prometheus-7cc868fc59-82qll,,0,,,,,linkerd-prometheus,prometheus,linkerd,outbound,,7cc868fc59,200,true,linkerd,10.1.2.36:4191,,linkerd,sandbox-deployment,sandbox,sandbox-deployment-8745b9b79-sstlc,8745b9b79,default,default.sandbox.serviceaccount.identity.linkerd.cluster.local
1612451205.185,response_latency_ms_sum,,,10.1.2.28:4191,linkerd-proxy,linkerd,,linkerd-prometheus-7cc868fc59-82qll,,0,,,,,linkerd-prometheus,prometheus,linkerd,outbound,,7cc868fc59,200,true,linkerd,10.1.2.36:4191,,linkerd,sandbox-deployment,sandbox,sandbox-deployment-8745b9b79-sstlc,8745b9b79,default,default.sandbox.serviceaccount.identity.linkerd.cluster.local
1612451215.186,response_latency_ms_sum,,,10.1.2.28:4191,linkerd-proxy,linkerd,,linkerd-prometheus-7cc868fc59-82qll,,0,,,,,linkerd-prometheus,prometheus,linkerd,outbound,,7cc868fc59,200,true,linkerd,10.1.2.36:4191,,linkerd,sandbox-deployment,sandbox,sandbox-deployment-8745b9b79-sstlc,8745b9b79,default,default.sandbox.serviceaccount.identity.linkerd.cluster.local
1612451225.185,response_latency_ms_sum,,,10.1.2.28:4191,linkerd-proxy,linkerd,,linkerd-prometheus-7cc868fc59-82qll,,0,,,,,linkerd-prometheus,prometheus,linkerd,outbound,,7cc868fc59,200,true,linkerd,10.1.2.36:4191,,linkerd,sandbox-deployment,sandbox,sandbox-deployment-8745b9b79-sstlc,8745b9b79,default,default.sandbox.serviceaccount.identity.linkerd.cluster.local
1612451235.185,response_latency_ms_sum,,,10.1.2.28:4191,linkerd-proxy,linkerd,,linkerd-prometheus-7cc868fc59-82qll,,0,,,,,linkerd-prometheus,prometheus,linkerd,outbound,,7cc868fc59,200,true,linkerd,10.1.2.36:4191,,linkerd,sandbox-deployment,sandbox,sandbox-deployment-8745b9b79-sstlc,8745b9b79,default,default.sandbox.serviceaccount.identity.linkerd.cluster.local
1612451245.185,response_latency_ms_sum,,,10.1.2.28:4191,linkerd-proxy,linkerd,,linkerd-prometheus-7cc868fc59-82qll,,0,,,,,linkerd-prometheus,prometheus,linkerd,outbound,,7cc868fc59,200,true,linkerd,10.1.2.36:4191,,linkerd,sandbox-deployment,sandbox,sandbox-deployment-8745b9b79-sstlc,8745b9b79,default,default.sandbox.serviceaccount.identity.linkerd.cluster.local
1612451255.185,response_latency_ms_sum,,,10.1.2.28:4191,linkerd-proxy,linkerd,,linkerd-prometheus-7cc868fc59-82qll,,0,,,,,linkerd-prometheus,prometheus,linkerd,outbound,,7cc868fc59,200,true,linkerd,10.1.2.36:4191,,linkerd,sandbox-deployment,sandbox,sandbox-deployment-8745b9b79-sstlc,8745b9b79,default,default.sandbox.serviceaccount.identity.linkerd.cluster.local
1612451265.185,response_latency_ms_sum,,,10.1.2.28:4191,linkerd-proxy,linkerd,,linkerd-prometheus-7cc868fc59-82qll,,0,,,,,linkerd-prometheus,prometheus,linkerd,outbound,,7cc868fc59,200,true,linkerd,10.1.2.36:4191,,linkerd,sandbox-deployment,sandbox,sandbox-deployment-8745b9b79-sstlc,8745b9b79,default,default.sandbox.serviceaccount.identity.linkerd.cluster.local
1612451275.185,response_latency_ms_sum,,,10.1.2.28:4191,linkerd-proxy,linkerd,,linkerd-prometheus-7cc868fc59-82qll,,0,,,,,linkerd-prometheus,prometheus,linkerd,outbound,,7cc868fc59,200,true,linkerd,10.1.2.36:4191,,linkerd,sandbox-deployment,sandbox,sandbox-deployment-8745b9b79-sstlc,8745b9b79,default,default.sandbox.serviceaccount.identity.linkerd.cluster.local
1612451285.185,response_latency_ms_sum,,,10.1.2.28:4191,linkerd-proxy,linkerd,,linkerd-prometheus-7cc868fc59-82qll,,0,,,,,linkerd-prometheus,prometheus,linkerd,outbound,,7cc868fc59,200,true,linkerd,10.1.2.36:4191,,linkerd,sandbox-deployment,sandbox,sandbox-deployment-8745b9b79-sstlc,8745b9b79,default,default.sandbox.serviceaccount.identity.linkerd.cluster.local
1612451295.185,response_latency_ms_sum,,,10.1.2.28:4191,linkerd-proxy,linkerd,,linkerd-prometheus-7cc868fc59-82qll,,0,,,,,linkerd-prometheus,prometheus,linkerd,outbound,,7cc868fc59,200,true,linkerd,10.1.2.36:4191,,linkerd,sandbox-deployment,sandbox,sandbox-deployment-8745b9b79-sstlc,8745b9b79,default,default.sandbox.serviceaccount.identity.linkerd.cluster.local
1612451305.185,response_latency_ms_sum,,,10.1.2.28:4191,linkerd-proxy,linkerd,,linkerd-prometheus-7cc868fc59-82qll,,0,,,,,linkerd-prometheus,prometheus,linkerd,outbound,,7cc868fc59,200,true,linkerd,10.1.2.36:4191,,linkerd,sandbox-deployment,sandbox,sandbox-deployment-8745b9b79-sstlc,8745b9b79,default,default.sandbox.serviceaccount.identity.linkerd.cluster.local
1612451235.185,response_latency_ms_sum,,,10.1.2.28:4191,linkerd-proxy,linkerd,,linkerd-prometheus-7cc868fc59-82qll,,0,,,,,linkerd-prometheus,prometheus,linkerd,outbound,,7cc868fc59,200,true,linkerd,10.1.2.37:4191,,linkerd,sandbox-deployment,sandbox,sandbox-deployment-7b7967b898-xthbp,7b7967b898,default,default.sandbox.serviceaccount.identity.linkerd.cluster.local
1612451245.185,response_latency_ms_sum,,,10.1.2.28:4191,linkerd-proxy,linkerd,,linkerd-prometheus-7cc868fc59-82qll,,0,,,,,linkerd-prometheus,prometheus,linkerd,outbound,,7cc868fc59,200,true,linkerd,10.1.2.37:4191,,linkerd,sandbox-deployment,sandbox,sandbox-deployment-7b7967b898-xthbp,7b7967b898,default,default.sandbox.serviceaccount.identity.linkerd.cluster.local
1612451255.185,response_latency_ms_sum,,,10.1.2.28:4191,linkerd-proxy,linkerd,,linkerd-prometheus-7cc868fc59-82qll,,0,,,,,linkerd-prometheus,prometheus,linkerd,outbound,,7cc868fc59,200,true,linkerd,10.1.2.37:4191,,linkerd,sandbox-deployment,sandbox,sandbox-deployment-7b7967b898-xthbp,7b7967b898,default,default.sandbox.serviceaccount.identity.linkerd.cluster.local
1612451265.185,response_latency_ms_sum,,,10.1.2.28:4191,linkerd-proxy,linkerd,,linkerd-prometheus-7cc868fc59-82qll,,0,,,,,linkerd-prometheus,prometheus,linkerd,outbound,,7cc868fc59,200,true,linkerd,10.1.2.37:4191,,linkerd,sandbox-deployment,sandbox,sandbox-deployment-7b7967b898-xthbp,7b7967b898,default,default.sandbox.serviceaccount.identity.linkerd.cluster.local
1612451275.185,response_latency_ms_sum,,,10.1.2.28:4191,linkerd-proxy,linkerd,,linkerd-prometheus-7cc868fc59-82qll,,0,,,,,linkerd-prometheus,prometheus,linkerd,outbound,,7cc868fc59,200,true,linkerd,10.1.2.37:4191,,linkerd,sandbox-deployment,sandbox,sandbox-deployment-7b7967b898-xthbp,7b7967b898,default,default.sandbox.serviceaccount.identity.linkerd.cluster.local
1612451285.185,response_latency_ms_sum,,,10.1.2.28:4191,linkerd-proxy,linkerd,,linkerd-prometheus-7cc868fc59-82qll,,0,,,,,linkerd-prometheus,prometheus,linkerd,outbound,,7cc868fc59,200,true,linkerd,10.1.2.37:4191,,linkerd,sandbox-deployment,sandbox,sandbox-deployment-7b7967b898-xthbp,7b7967b898,default,default.sandbox.serviceaccount.identity.linkerd.cluster.local
1612451295.185,response_latency_ms_sum,,,10.1.2.28:4191,linkerd-proxy,linkerd,,linkerd-prometheus-7cc868fc59-82qll,,0,,,,,linkerd-prometheus,prometheus,linkerd,outbound,,7cc868fc59,200,true,linkerd,10.1.2.37:4191,,linkerd,sandbox-deployment,sandbox,sandbox-deployment-7b7967b898-xthbp,7b7967b898,default,default.sandbox.serviceaccount.identity.linkerd.cluster.local
1612451305.185,response_latency_ms_sum,,,10.1.2.28:4191,linkerd-proxy,linkerd,,linkerd-prometheus-7cc868fc59-82qll,,0,,,,,linkerd-prometheus,prometheus,linkerd,outbound,,7cc868fc59,200,true,linkerd,10.1.2.37:4191,,linkerd,sandbox-deployment,sandbox,sandbox-deployment-7b7967b898-xthbp,7b7967b898,default,default.sandbox.serviceaccount.identity.linkerd.cluster.local
1612451195.185,response_latency_ms_count,,,10.1.2.28:4191,linkerd-proxy,linkerd,,linkerd-prometheus-7cc868fc59-82qll,,1634,,,,,linkerd-prometheus,prometheus,linkerd,inbound,no_tls_from_remote,7cc868fc59,200,no_identity,linkerd,,,,,,,,,
1612451205.185,response_latency_ms_count,,,10.1.2.28:4191,linkerd-proxy,linkerd,,linkerd-prometheus-7cc868fc59-82qll,,1636,,,,,linkerd-prometheus,prometheus,linkerd,inbound,no_tls_from_remote,7cc868fc59,200,no_identity,linkerd,,,,,,,,,
1612451215.186,response_latency_ms_count,,,10.1.2.28:4191,linkerd-proxy,linkerd,,linkerd-prometheus-7cc868fc59-82qll,,1638,,,,,linkerd-prometheus,prometheus,linkerd,inbound,no_tls_from_remote,7cc868fc59,200,no_identity,linkerd,,,,,,,,,
1612451225.185,response_latency_ms_count,,,10.1.2.28:4191,linkerd-proxy,linkerd,,linkerd-prometheus-7cc868fc59-82qll,,1641,,,,,linkerd-prometheus,prometheus,linkerd,inbound,no_tls_from_remote,7cc868fc59,200,no_identity,linkerd,,,,,,,,,
1612451235.185,response_latency_ms_count,,,10.1.2.28:4191,linkerd-proxy,linkerd,,linkerd-prometheus-7cc868fc59-82qll,,1643,,,,,linkerd-prometheus,prometheus,linkerd,inbound,no_tls_from_remote,7cc868fc59,200,no_identity,linkerd,,,,,,,,,
1612451245.185,response_latency_ms_count,,,10.1.2.28:4191,linkerd-proxy,linkerd,,linkerd-prometheus-7cc868fc59-82qll,,1645,,,,,linkerd-prometheus,prometheus,linkerd,inbound,no_tls_from_remote,7cc868fc59,200,no_identity,linkerd,,,,,,,,,
1612451255.185,response_latency_ms_count,,,10.1.2.28:4191,linkerd-proxy,linkerd,,linkerd-prometheus-7cc868fc59-82qll,,1648,,,,,linkerd-prometheus,prometheus,linkerd,inbound,no_tls_from_remote,7cc868fc59,200,no_identity,linkerd,,,,,,,,,
1612451265.185,response_latency_ms_count,,,10.1.2.28:4191,linkerd-proxy,linkerd,,linkerd-prometheus-7cc868fc59-82qll,,1650,,,,,linkerd-prometheus,prometheus,linkerd,inbound,no_tls_from_remote,7cc868fc59,200,no_identity,linkerd,,,,,,,,,
1612451275.185,response_latency_ms_count,,,10.1.2.28:4191,linkerd-proxy,linkerd,,linkerd-prometheus-7cc868fc59-82qll,,1652,,,,,linkerd-prometheus,prometheus,linkerd,inbound,no_tls_from_remote,7cc868fc59,200,no_identity,linkerd,,,,,,,,,
1612451285.185,response_latency_ms_count,,,10.1.2.28:4191,linkerd-proxy,linkerd,,linkerd-prometheus-7cc868fc59-82qll,,1655,,,,,linkerd-prometheus,prometheus,linkerd,inbound,no_tls_from_remote,7cc868fc59,200,no_identity,linkerd,,,,,,,,,
1612451295.185,response_latency_ms_count,,,10.1.2.28:4191,linkerd-proxy,linkerd,,linkerd-prometheus-7cc868fc59-82qll,,1657,,,,,linkerd-prometheus,prometheus,linkerd,inbound,no_tls_from_remote,7cc868fc59,200,no_identity,linkerd,,,,,,,,,
1612451305.185,response_latency_ms_count,,,10.1.2.28:4191,linkerd-proxy,linkerd,,linkerd-prometheus-7cc868fc59-82qll,,1659,,,,,linkerd-prometheus,prometheus,linkerd,inbound,no_tls_from_remote,7cc868fc59,200,no_identity,linkerd,,,,,,,,,
1612451199.002,response_latency_ms_count,,,10.1.2.33:4191,linkerd-proxy,linkerd,,linkerd-proxy-injector-6bb795c888-kpwns,,0,,,,,linkerd-proxy-injector,proxy-injector,linkerd,inbound,no_tls_from_remote,6bb795c888,,no_identity,linkerd,,,,,,,,,
1612451209.002,response_latency_ms_count,,,10.1.2.33:4191,linkerd-proxy,linkerd,,linkerd-proxy-injector-6bb795c888-kpwns,,0,,,,,linkerd-proxy-injector,proxy-injector,linkerd,inbound,no_tls_from_remote,6bb795c888,,no_identity,linkerd,,,,,,,,,
1612451219.002,response_latency_ms_count,,,10.1.2.33:4191,linkerd-proxy,linkerd,,linkerd-proxy-injector-6bb795c888-kpwns,,0,,,,,linkerd-proxy-injector,proxy-injector,linkerd,inbound,no_tls_from_remote,6bb795c888,,no_identity,linkerd,,,,,,,,,
1612451229.002,response_latency_ms_count,,,10.1.2.33:4191,linkerd-proxy,linkerd,,linkerd-proxy-injector-6bb795c888-kpwns,,0,,,,,linkerd-proxy-injector,proxy-injector,linkerd,inbound,no_tls_from_remote,6bb795c888,,no_identity,linkerd,,,,,,,,,
1612451239.002,response_latency_ms_count,,,10.1.2.33:4191,linkerd-proxy,linkerd,,linkerd-proxy-injector-6bb795c888-kpwns,,0,,,,,linkerd-proxy-injector,proxy-injector,linkerd,inbound,no_tls_from_remote,6bb795c888,,no_identity,linkerd,,,,,,,,,
1612451249.002,response_latency_ms_count,,,10.1.2.33:4191,linkerd-proxy,linkerd,,linkerd-proxy-injector-6bb795c888-kpwns,,0,,,,,linkerd-proxy-injector,proxy-injector,linkerd,inbound,no_tls_from_remote,6bb795c888,,no_identity,linkerd,,,,,,,,,
1612451259.002,response_latency_ms_count,,,10.1.2.33:4191,linkerd-proxy,linkerd,,linkerd-proxy-injector-6bb795c888-kpwns,,0,,,,,linkerd-proxy-injector,proxy-injector,linkerd,inbound,no_tls_from_remote,6bb795c888,,no_identity,linkerd,,,,,,,,,
1612451269.002,response_latency_ms_count,,,10.1.2.33:4191,linkerd-proxy,linkerd,,linkerd-proxy-injector-6bb795c888-kpwns,,0,,,,,linkerd-proxy-injector,proxy-injector,linkerd,inbound,no_tls_from_remote,6bb795c888,,no_identity,linkerd,,,,,,,,,
1612451279.002,response_latency_ms_count,,,10.1.2.33:4191,linkerd-proxy,linkerd,,linkerd-proxy-injector-6bb795c888-kpwns,,0,,,,,linkerd-proxy-injector,proxy-injector,linkerd,inbound,no_tls_from_remote,6bb795c888,,no_identity,linkerd,,,,,,,,,
1612451289.002,response_latency_ms_count,,,10.1.2.33:4191,linkerd-proxy,linkerd,,linkerd-proxy-injector-6bb795c888-kpwns,,0,,,,,linkerd-proxy-injector,proxy-injector,linkerd,inbound,no_tls_from_remote,6bb795c888,,no_identity,linkerd,,,,,,,,,
1612451299.002,response_latency_ms_count,,,10.1.2.33:4191,linkerd-proxy,linkerd,,linkerd-proxy-injector-6bb795c888-kpwns,,0,,,,,linkerd-proxy-injector,proxy-injector,linkerd,inbound,no_tls_from_remote,6bb795c888,,no_identity,linkerd,,,,,,,,,
1612451309.002,response_latency_ms_count,,,10.1.2.33:4191,linkerd-proxy,linkerd,,linkerd-proxy-injector-6bb795c888-kpwns,,0,,,,,linkerd-proxy-injector,proxy-injector,linkerd,inbound,no_tls_from_remote,6bb795c888,,no_identity,linkerd,,,,,,,,,
1612451191.709,response_latency_ms_count,,,10.1.2.30:4191,linkerd-proxy,linkerd,,linkerd-grafana-5dc6c885c4-8kr4l,,1402,,,,,linkerd-grafana,grafana,linkerd,inbound,no_tls_from_remote,5dc6c885c4,200,no_identity,linkerd,,,,,,,,,
1612451201.709,response_latency_ms_count,,,10.1.2.30:4191,linkerd-proxy,linkerd,,linkerd-grafana-5dc6c885c4-8kr4l,,1404,,,,,linkerd-grafana,grafana,linkerd,inbound,no_tls_from_remote,5dc6c885c4,200,no_identity,linkerd,,,,,,,,,
1612451211.709,response_latency_ms_count,,,10.1.2.30:4191,linkerd-proxy,linkerd,,linkerd-grafana-5dc6c885c4-8kr4l,,1406,,,,,linkerd-grafana,grafana,linkerd,inbound,no_tls_from_remote,5dc6c885c4,200,no_identity,linkerd,,,,,,,,,
1612451221.709,response_latency_ms_count,,,10.1.2.30:4191,linkerd-proxy,linkerd,,linkerd-grafana-5dc6c885c4-8kr4l,,1408,,,,,linkerd-grafana,grafana,linkerd,inbound,no_tls_from_remote,5dc6c885c4,200,no_identity,linkerd,,,,,,,,,
1612451231.708,response_latency_ms_count,,,10.1.2.30:4191,linkerd-proxy,linkerd,,linkerd-grafana-5dc6c885c4-8kr4l,,1410,,,,,linkerd-grafana,grafana,linkerd,inbound,no_tls_from_remote,5dc6c885c4,200,no_identity,linkerd,,,,,,,,,
1612451241.709,response_latency_ms_count,,,10.1.2.30:4191,linkerd-proxy,linkerd,,linkerd-grafana-5dc6c885c4-8kr4l,,1412,,,,,linkerd-grafana,grafana,linkerd,inbound,no_tls_from_remote,5dc6c885c4,200,no_identity,linkerd,,,,,,,,,
1612451251.709,response_latency_ms_count,,,10.1.2.30:4191,linkerd-proxy,linkerd,,linkerd-grafana-5dc6c885c4-8kr4l,,1414,,,,,linkerd-grafana,grafana,linkerd,inbound,no_tls_from_remote,5dc6c885c4,200,no_identity,linkerd,,,,,,,,,
1612451261.709,response_latency_ms_count,,,10.1.2.30:4191,linkerd-proxy,linkerd,,linkerd-grafana-5dc6c885c4-8kr4l,,1416,,,,,linkerd-grafana,grafana,linkerd,inbound,no_tls_from_remote,5dc6c885c4,200,no_identity,linkerd,,,,,,,,,
1612451271.709,response_latency_ms_count,,,10.1.2.30:4191,linkerd-proxy,linkerd,,linkerd-grafana-5dc6c885c4-8kr4l,,1418,,,,,linkerd-grafana,grafana,linkerd,inbound,no_tls_from_remote,5dc6c885c4,200,no_identity,linkerd,,,,,,,,,
1612451281.709,response_latency_ms_count,,,10.1.2.30:4191,linkerd-proxy,linkerd,,linkerd-grafana-5dc6c885c4-8kr4l,,1420,,,,,linkerd-grafana,grafana,linkerd,inbound,no_tls_from_remote,5dc6c885c4,200,no_identity,linkerd,,,,,,,,,
1612451291.709,response_latency_ms_count,,,10.1.2.30:4191,linkerd-proxy,linkerd,,linkerd-grafana-5dc6c885c4-8kr4l,,1422,,,,,linkerd-grafana,grafana,linkerd,inbound,no_tls_from_remote,5dc6c885c4,200,no_identity,linkerd,,,,,,,,,
1612451301.708,response_latency_ms_count,,,10.1.2.30:4191,linkerd-proxy,linkerd,,linkerd-grafana-5dc6c885c4-8kr4l,,1424,,,,,linkerd-grafana,grafana,linkerd,inbound,no_tls_from_remote,5dc6c885c4,200,no_identity,linkerd,,,,,,,,,
1612451190.413,response_latency_ms_count,,,10.1.2.31:4191,linkerd-proxy,linkerd,,linkerd-identity-59b578f747-7dldl,,0,,,,,linkerd-identity,identity,linkerd,inbound,no_tls_from_remote,59b578f747,,no_identity,linkerd,,,,,,,,,
1612451200.413,response_latency_ms_count,,,10.1.2.31:4191,linkerd-proxy,linkerd,,linkerd-identity-59b578f747-7dldl,,0,,,,,linkerd-identity,identity,linkerd,inbound,no_tls_from_remote,59b578f747,,no_identity,linkerd,,,,,,,,,
1612451210.413,response_latency_ms_count,,,10.1.2.31:4191,linkerd-proxy,linkerd,,linkerd-identity-59b578f747-7dldl,,0,,,,,linkerd-identity,identity,linkerd,inbound,no_tls_from_remote,59b578f747,,no_identity,linkerd,,,,,,,,,
1612451220.413,response_latency_ms_count,,,10.1.2.31:4191,linkerd-proxy,linkerd,,linkerd-identity-59b578f747-7dldl,,0,,,,,linkerd-identity,identity,linkerd,inbound,no_tls_from_remote,59b578f747,,no_identity,linkerd,,,,,,,,,
1612451230.413,response_latency_ms_count,,,10.1.2.31:4191,linkerd-proxy,linkerd,,linkerd-identity-59b578f747-7dldl,,0,,,,,linkerd-identity,identity,linkerd,inbound,no_tls_from_remote,59b578f747,,no_identity,linkerd,,,,,,,,,
1612451240.413,response_latency_ms_count,,,10.1.2.31:4191,linkerd-proxy,linkerd,,linkerd-identity-59b578f747-7dldl,,0,,,,,linkerd-identity,identity,linkerd,inbound,no_tls_from_remote,59b578f747,,no_identity,linkerd,,,,,,,,,
1612451250.413,response_latency_ms_count,,,10.1.2.31:4191,linkerd-proxy,linkerd,,linkerd-identity-59b578f747-7dldl,,0,,,,,linkerd-identity,identity,linkerd,inbound,no_tls_from_remote,59b578f747,,no_identity,linkerd,,,,,,,,,
1612451260.413,response_latency_ms_count,,,10.1.2.31:4191,linkerd-proxy,linkerd,,linkerd-identity-59b578f747-7dldl,,0,,,,,linkerd-identity,identity,linkerd,inbound,no_tls_from_remote,59b578f747,,no_identity,linkerd,,,,,,,,,
1612451270.413,response_latency_ms_count,,,10.1.2.31:4191,linkerd-proxy,linkerd,,linkerd-identity-59b578f747-7dldl,,0,,,,,linkerd-identity,identity,linkerd,inbound,no_tls_from_remote,59b578f747,,no_identity,linkerd,,,,,,,,,
1612451280.413,response_latency_ms_count,,,10.1.2.31:4191,linkerd-proxy,linkerd,,linkerd-identity-59b578f747-7dldl,,0,,,,,linkerd-identity,identity,linkerd,inbound,no_tls_from_remote,59b578f747,,no_identity,linkerd,,,,,,,,,
1612451290.413,response_latency_ms_count,,,10.1.2.31:4191,linkerd-proxy,linkerd,,linkerd-identity-59b578f747-7dldl,,0,,,,,linkerd-identity,identity,linkerd,inbound,no_tls_from_remote,59b578f747,,no_identity,linkerd,,,,,,,,,
1612451300.413,response_latency_ms_count,,,10.1.2.31:4191,linkerd-proxy,linkerd,,linkerd-identity-59b578f747-7dldl,,0,,,,,linkerd-identity,identity,linkerd,inbound,no_tls_from_remote,59b578f747,,no_identity,linkerd,,,,,,,,,
1612451199.131,response_latency_ms_count,,,10.1.2.24:4191,linkerd-proxy,linkerd,,linkerd-sp-validator-6d989499d7-ch5hx,,0,,,,,linkerd-sp-validator,sp-validator,linkerd,inbound,no_tls_from_remote,6d989499d7,,no_identity,linkerd,,,,,,,,,
1612451209.131,response_latency_ms_count,,,10.1.2.24:4191,linkerd-proxy,linkerd,,linkerd-sp-validator-6d989499d7-ch5hx,,0,,,,,linkerd-sp-validator,sp-validator,linkerd,inbound,no_tls_from_remote,6d989499d7,,no_identity,linkerd,,,,,,,,,
1612451219.131,response_latency_ms_count,,,10.1.2.24:4191,linkerd-proxy,linkerd,,linkerd-sp-validator-6d989499d7-ch5hx,,0,,,,,linkerd-sp-validator,sp-validator,linkerd,inbound,no_tls_from_remote,6d989499d7,,no_identity,linkerd,,,,,,,,,
1612451229.131,response_latency_ms_count,,,10.1.2.24:4191,linkerd-proxy,linkerd,,linkerd-sp-validator-6d989499d7-ch5hx,,0,,,,,linkerd-sp-validator,sp-validator,linkerd,inbound,no_tls_from_remote,6d989499d7,,no_identity,linkerd,,,,,,,,,
1612451239.131,response_latency_ms_count,,,10.1.2.24:4191,linkerd-proxy,linkerd,,linkerd-sp-validator-6d989499d7-ch5hx,,0,,,,,linkerd-sp-validator,sp-validator,linkerd,inbound,no_tls_from_remote,6d989499d7,,no_identity,linkerd,,,,,,,,,
1612451249.131,response_latency_ms_count,,,10.1.2.24:4191,linkerd-proxy,linkerd,,linkerd-sp-validator-6d989499d7-ch5hx,,0,,,,,linkerd-sp-validator,sp-validator,linkerd,inbound,no_tls_from_remote,6d989499d7,,no_identity,linkerd,,,,,,,,,
1612451259.131,response_latency_ms_count,,,10.1.2.24:4191,linkerd-proxy,linkerd,,linkerd-sp-validator-6d989499d7-ch5hx,,0,,,,,linkerd-sp-validator,sp-validator,linkerd,inbound,no_tls_from_remote,6d989499d7,,no_identity,linkerd,,,,,,,,,
1612451269.131,response_latency_ms_count,,,10.1.2.24:4191,linkerd-proxy,linkerd,,linkerd-sp-validator-6d989499d7-ch5hx,,0,,,,,linkerd-sp-validator,sp-validator,linkerd,inbound,no_tls_from_remote,6d989499d7,,no_identity,linkerd,,,,,,,,,
1612451279.131,response_latency_ms_count,,,10.1.2.24:4191,linkerd-proxy,linkerd,,linkerd-sp-validator-6d989499d7-ch5hx,,0,,,,,linkerd-sp-validator,sp-validator,linkerd,inbound,no_tls_from_remote,6d989499d7,,no_identity,linkerd,,,,,,,,,
1612451289.131,response_latency_ms_count,,,10.1.2.24:4191,linkerd-proxy,linkerd,,linkerd-sp-validator-6d989499d7-ch5hx,,0,,,,,linkerd-sp-validator,sp-validator,linkerd,inbound,no_tls_from_remote,6d989499d7,,no_identity,linkerd,,,,,,,,,
1612451299.131,response_latency_ms_count,,,10.1.2.24:4191,linkerd-proxy,linkerd,,linkerd-sp-validator-6d989499d7-ch5hx,,0,,,,,linkerd-sp-validator,sp-validator,linkerd,inbound,no_tls_from_remote,6d989499d7,,no_identity,linkerd,,,,,,,,,
1612451309.131,response_latency_ms_count,,,10.1.2.24:4191,linkerd-proxy,linkerd,,linkerd-sp-validator-6d989499d7-ch5hx,,0,,,,,linkerd-sp-validator,sp-validator,linkerd,inbound,no_tls_from_remote,6d989499d7,,no_identity,linkerd,,,,,,,,,
1612451190.14,response_latency_ms_count,,,10.1.2.32:4191,linkerd-proxy,linkerd,,linkerd-web-5697bf7579-ptnds,,0,,,,,linkerd-web,web,linkerd,inbound,no_tls_from_remote,5697bf7579,,no_identity,linkerd,,,,,,,,,
1612451200.14,response_latency_ms_count,,,10.1.2.32:4191,linkerd-proxy,linkerd,,linkerd-web-5697bf7579-ptnds,,0,,,,,linkerd-web,web,linkerd,inbound,no_tls_from_remote,5697bf7579,,no_identity,linkerd,,,,,,,,,
1612451210.14,response_latency_ms_count,,,10.1.2.32:4191,linkerd-proxy,linkerd,,linkerd-web-5697bf7579-ptnds,,0,,,,,linkerd-web,web,linkerd,inbound,no_tls_from_remote,5697bf7579,,no_identity,linkerd,,,,,,,,,
1612451220.14,response_latency_ms_count,,,10.1.2.32:4191,linkerd-proxy,linkerd,,linkerd-web-5697bf7579-ptnds,,0,,,,,linkerd-web,web,linkerd,inbound,no_tls_from_remote,5697bf7579,,no_identity,linkerd,,,,,,,,,
1612451230.14,response_latency_ms_count,,,10.1.2.32:4191,linkerd-proxy,linkerd,,linkerd-web-5697bf7579-ptnds,,0,,,,,linkerd-web,web,linkerd,inbound,no_tls_from_remote,5697bf7579,,no_identity,linkerd,,,,,,,,,
1612451240.14,response_latency_ms_count,,,10.1.2.32:4191,linkerd-proxy,linkerd,,linkerd-web-5697bf7579-ptnds,,0,,,,,linkerd-web,web,linkerd,inbound,no_tls_from_remote,5697bf7579,,no_identity,linkerd,,,,,,,,,
1612451250.14,response_latency_ms_count,,,10.1.2.32:4191,linkerd-proxy,linkerd,,linkerd-web-5697bf7579-ptnds,,0,,,,,linkerd-web,web,linkerd,inbound,no_tls_from_remote,5697bf7579,,no_identity,linkerd,,,,,,,,,
1612451260.14,response_latency_ms_count,,,10.1.2.32:4191,linkerd-proxy,linkerd,,linkerd-web-5697bf7579-ptnds,,0,,,,,linkerd-web,web,linkerd,inbound,no_tls_from_remote,5697bf7579,,no_identity,linkerd,,,,,,,,,
1612451270.14,response_latency_ms_count,,,10.1.2.32:4191,linkerd-proxy,linkerd,,linkerd-web-5697bf7579-ptnds,,0,,,,,linkerd-web,web,linkerd,inbound,no_tls_from_remote,5697bf7579,,no_identity,linkerd,,,,,,,,,
1612451280.14,response_latency_ms_count,,,10.1.2.32:4191,linkerd-proxy,linkerd,,linkerd-web-5697bf7579-ptnds,,0,,,,,linkerd-web,web,linkerd,inbound,no_tls_from_remote,5697bf7579,,no_identity,linkerd,,,,,,,,,
1612451290.14,response_latency_ms_count,,,10.1.2.32:4191,linkerd-proxy,linkerd,,linkerd-web-5697bf7579-ptnds,,0,,,,,linkerd-web,web,linkerd,inbound,no_tls_from_remote,5697bf7579,,no_identity,linkerd,,,,,,,,,
1612451300.14,response_latency_ms_count,,,10.1.2.32:4191,linkerd-proxy,linkerd,,linkerd-web-5697bf7579-ptnds,,0,,,,,linkerd-web,web,linkerd,inbound,no_tls_from_remote,5697bf7579,,no_identity,linkerd,,,,,,,,,
1612451190.413,response_latency_ms_count,,,10.1.2.31:4191,linkerd-proxy,linkerd,,linkerd-identity-59b578f747-7dldl,,1399,,,,,linkerd-identity,identity,linkerd,inbound,no_tls_from_remote,59b578f747,200,no_identity,linkerd,,,,,,,,,
1612451200.413,response_latency_ms_count,,,10.1.2.31:4191,linkerd-proxy,linkerd,,linkerd-identity-59b578f747-7dldl,,1401,,,,,linkerd-identity,identity,linkerd,inbound,no_tls_from_remote,59b578f747,200,no_identity,linkerd,,,,,,,,,
1612451210.413,response_latency_ms_count,,,10.1.2.31:4191,linkerd-proxy,linkerd,,linkerd-identity-59b578f747-7dldl,,1403,,,,,linkerd-identity,identity,linkerd,inbound,no_tls_from_remote,59b578f747,200,no_identity,linkerd,,,,,,,,,
1612451220.413,response_latency_ms_count,,,10.1.2.31:4191,linkerd-proxy,linkerd,,linkerd-identity-59b578f747-7dldl,,1405,,,,,linkerd-identity,identity,linkerd,inbound,no_tls_from_remote,59b578f747,200,no_identity,linkerd,,,,,,,,,
1612451230.413,response_latency_ms_count,,,10.1.2.31:4191,linkerd-proxy,linkerd,,linkerd-identity-59b578f747-7dldl,,1407,,,,,linkerd-identity,identity,linkerd,inbound,no_tls_from_remote,59b578f747,200,no_identity,linkerd,,,,,,,,,
1612451240.413,response_latency_ms_count,,,10.1.2.31:4191,linkerd-proxy,linkerd,,linkerd-identity-59b578f747-7dldl,,1409,,,,,linkerd-identity,identity,linkerd,inbound,no_tls_from_remote,59b578f747,200,no_identity,linkerd,,,,,,,,,
1612451250.413,response_latency_ms_count,,,10.1.2.31:4191,linkerd-proxy,linkerd,,linkerd-identity-59b578f747-7dldl,,1411,,,,,linkerd-identity,identity,linkerd,inbound,no_tls_from_remote,59b578f747,200,no_identity,linkerd,,,,,,,,,
1612451260.413,response_latency_ms_count,,,10.1.2.31:4191,linkerd-proxy,linkerd,,linkerd-identity-59b578f747-7dldl,,1413,,,,,linkerd-identity,identity,linkerd,inbound,no_tls_from_remote,59b578f747,200,no_identity,linkerd,,,,,,,,,
1612451270.413,response_latency_ms_count,,,10.1.2.31:4191,linkerd-proxy,linkerd,,linkerd-identity-59b578f747-7dldl,,1415,,,,,linkerd-identity,identity,linkerd,inbound,no_tls_from_remote,59b578f747,200,no_identity,linkerd,,,,,,,,,
1612451280.413,response_latency_ms_count,,,10.1.2.31:4191,linkerd-proxy,linkerd,,linkerd-identity-59b578f747-7dldl,,1417,,,,,linkerd-identity,identity,linkerd,inbound,no_tls_from_remote,59b578f747,200,no_identity,linkerd,,,,,,,,,
1612451290.413,response_latency_ms_count,,,10.1.2.31:4191,linkerd-proxy,linkerd,,linkerd-identity-59b578f747-7dldl,,1419,,,,,linkerd-identity,identity,linkerd,inbound,no_tls_from_remote,59b578f747,200,no_identity,linkerd,,,,,,,,,
1612451300.413,response_latency_ms_count,,,10.1.2.31:4191,linkerd-proxy,linkerd,,linkerd-identity-59b578f747-7dldl,,1421,,,,,linkerd-identity,identity,linkerd,inbound,no_tls_from_remote,59b578f747,200,no_identity,linkerd,,,,,,,,,
1612451199.131,response_latency_ms_count,,,10.1.2.24:4191,linkerd-proxy,linkerd,,linkerd-sp-validator-6d989499d7-ch5hx,,1403,,,,,linkerd-sp-validator,sp-validator,linkerd,inbound,no_tls_from_remote,6d989499d7,200,no_identity,linkerd,,,,,,,,,
1612451209.131,response_latency_ms_count,,,10.1.2.24:4191,linkerd-proxy,linkerd,,linkerd-sp-validator-6d989499d7-ch5hx,,1405,,,,,linkerd-sp-validator,sp-validator,linkerd,inbound,no_tls_from_remote,6d989499d7,200,no_identity,linkerd,,,,,,,,,
1612451219.131,response_latency_ms_count,,,10.1.2.24:4191,linkerd-proxy,linkerd,,linkerd-sp-validator-6d989499d7-ch5hx,,1407,,,,,linkerd-sp-validator,sp-validator,linkerd,inbound,no_tls_from_remote,6d989499d7,200,no_identity,linkerd,,,,,,,,,
1612451229.131,response_latency_ms_count,,,10.1.2.24:4191,linkerd-proxy,linkerd,,linkerd-sp-validator-6d989499d7-ch5hx,,1409,,,,,linkerd-sp-validator,sp-validator,linkerd,inbound,no_tls_from_remote,6d989499d7,200,no_identity,linkerd,,,,,,,,,
1612451239.131,response_latency_ms_count,,,10.1.2.24:4191,linkerd-proxy,linkerd,,linkerd-sp-validator-6d989499d7-ch5hx,,1411,,,,,linkerd-sp-validator,sp-validator,linkerd,inbound,no_tls_from_remote,6d989499d7,200,no_identity,linkerd,,,,,,,,,
1612451249.131,response_latency_ms_count,,,10.1.2.24:4191,linkerd-proxy,linkerd,,linkerd-sp-validator-6d989499d7-ch5hx,,1413,,,,,linkerd-sp-validator,sp-validator,linkerd,inbound,no_tls_from_remote,6d989499d7,200,no_identity,linkerd,,,,,,,,,
1612451259.131,response_latency_ms_count,,,10.1.2.24:4191,linkerd-proxy,linkerd,,linkerd-sp-validator-6d989499d7-ch5hx,,1415,,,,,linkerd-sp-validator,sp-validator,linkerd,inbound,no_tls_from_remote,6d989499d7,200,no_identity,linkerd,,,,,,,,,
1612451269.131,response_latency_ms_count,,,10.1.2.24:4191,linkerd-proxy,linkerd,,linkerd-sp-validator-6d989499d7-ch5hx,,1417,,,,,linkerd-sp-validator,sp-validator,linkerd,inbound,no_tls_from_remote,6d989499d7,200,no_identity,linkerd,,,,,,,,,
1612451279.131,response_latency_ms_count,,,10.1.2.24:4191,linkerd-proxy,linkerd,,linkerd-sp-validator-6d989499d7-ch5hx,,1419,,,,,linkerd-sp-validator,sp-validator,linkerd,inbound,no_tls_from_remote,6d989499d7,200,no_identity,linkerd,,,,,,,,,
1612451289.131,response_latency_ms_count,,,10.1.2.24:4191,linkerd-proxy,linkerd,,linkerd-sp-validator-6d989499d7-ch5hx,,1421,,,,,linkerd-sp-validator,sp-validator,linkerd,inbound,no_tls_from_remote,6d989499d7,200,no_identity,linkerd,,,,,,,,,
1612451299.131,response_latency_ms_count,,,10.1.2.24:4191,linkerd-proxy,linkerd,,linkerd-sp-validator-6d989499d7-ch5hx,,1423,,,,,linkerd-sp-validator,sp-validator,linkerd,inbound,no_tls_from_remote,6d989499d7,200,no_identity,linkerd,,,,,,,,,
1612451309.131,response_latency_ms_count,,,10.1.2.24:4191,linkerd-proxy,linkerd,,linkerd-sp-validator-6d989499d7-ch5hx,,1425,,,,,linkerd-sp-validator,sp-validator,linkerd,inbound,no_tls_from_remote,6d989499d7,200,no_identity,linkerd,,,,,,,,,
1612451199.002,response_latency_ms_count,,,10.1.2.33:4191,linkerd-proxy,linkerd,,linkerd-proxy-injector-6bb795c888-kpwns,,1401,,,,,linkerd-proxy-injector,proxy-injector,linkerd,inbound,no_tls_from_remote,6bb795c888,200,no_identity,linkerd,,,,,,,,,
1612451209.002,response_latency_ms_count,,,10.1.2.33:4191,linkerd-proxy,linkerd,,linkerd-proxy-injector-6bb795c888-kpwns,,1403,,,,,linkerd-proxy-injector,proxy-injector,linkerd,inbound,no_tls_from_remote,6bb795c888,200,no_identity,linkerd,,,,,,,,,
1612451219.002,response_latency_ms_count,,,10.1.2.33:4191,linkerd-proxy,linkerd,,linkerd-proxy-injector-6bb795c888-kpwns,,1405,,,,,linkerd-proxy-injector,proxy-injector,linkerd,inbound,no_tls_from_remote,6bb795c888,200,no_identity,linkerd,,,,,,,,,
1612451229.002,response_latency_ms_count,,,10.1.2.33:4191,linkerd-proxy,linkerd,,linkerd-proxy-injector-6bb795c888-kpwns,,1407,,,,,linkerd-proxy-injector,proxy-injector,linkerd,inbound,no_tls_from_remote,6bb795c888,200,no_identity,linkerd,,,,,,,,,
1612451239.002,response_latency_ms_count,,,10.1.2.33:4191,linkerd-proxy,linkerd,,linkerd-proxy-injector-6bb795c888-kpwns,,1409,,,,,linkerd-proxy-injector,proxy-injector,linkerd,inbound,no_tls_from_remote,6bb795c888,200,no_identity,linkerd,,,,,,,,,
1612451249.002,response_latency_ms_count,,,10.1.2.33:4191,linkerd-proxy,linkerd,,linkerd-proxy-injector-6bb795c888-kpwns,,1411,,,,,linkerd-proxy-injector,proxy-injector,linkerd,inbound,no_tls_from_remote,6bb795c888,200,no_identity,linkerd,,,,,,,,,
1612451259.002,response_latency_ms_count,,,10.1.2.33:4191,linkerd-proxy,linkerd,,linkerd-proxy-injector-6bb795c888-kpwns,,1413,,,,,linkerd-proxy-injector,proxy-injector,linkerd,inbound,no_tls_from_remote,6bb795c888,200,no_identity,linkerd,,,,,,,,,
1612451269.002,response_latency_ms_count,,,10.1.2.33:4191,linkerd-proxy,linkerd,,linkerd-proxy-injector-6bb795c888-kpwns,,1415,,,,,linkerd-proxy-injector,proxy-injector,linkerd,inbound,no_tls_from_remote,6bb795c888,200,no_identity,linkerd,,,,,,,,,
1612451279.002,response_latency_ms_count,,,10.1.2.33:4191,linkerd-proxy,linkerd,,linkerd-proxy-injector-6bb795c888-kpwns,,1417,,,,,linkerd-proxy-injector,proxy-injector,linkerd,inbound,no_tls_from_remote,6bb795c888,200,no_identity,linkerd,,,,,,,,,
1612451289.002,response_latency_ms_count,,,10.1.2.33:4191,linkerd-proxy,linkerd,,linkerd-proxy-injector-6bb795c888-kpwns,,1419,,,,,linkerd-proxy-injector,proxy-injector,linkerd,inbound,no_tls_from_remote,6bb795c888,200,no_identity,linkerd,,,,,,,,,
1612451299.002,response_latency_ms_count,,,10.1.2.33:4191,linkerd-proxy,linkerd,,linkerd-proxy-injector-6bb795c888-kpwns,,1421,,,,,linkerd-proxy-injector,proxy-injector,linkerd,inbound,no_tls_from_remote,6bb795c888,200,no_identity,linkerd,,,,,,,,,
1612451309.002,response_latency_ms_count,,,10.1.2.33:4191,linkerd-proxy,linkerd,,linkerd-proxy-injector-6bb795c888-kpwns,,1423,,,,,linkerd-proxy-injector,proxy-injector,linkerd,inbound,no_tls_from_remote,6bb795c888,200,no_identity,linkerd,,,,,,,,,
1612451190.14,response_latency_ms_count,,,10.1.2.32:4191,linkerd-proxy,linkerd,,linkerd-web-5697bf7579-ptnds,,1399,,,,,linkerd-web,web,linkerd,inbound,no_tls_from_remote,5697bf7579,200,no_identity,linkerd,,,,,,,,,
1612451200.14,response_latency_ms_count,,,10.1.2.32:4191,linkerd-proxy,linkerd,,linkerd-web-5697bf7579-ptnds,,1401,,,,,linkerd-web,web,linkerd,inbound,no_tls_from_remote,5697bf7579,200,no_identity,linkerd,,,,,,,,,
1612451210.14,response_latency_ms_count,,,10.1.2.32:4191,linkerd-proxy,linkerd,,linkerd-web-5697bf7579-ptnds,,1403,,,,,linkerd-web,web,linkerd,inbound,no_tls_from_remote,5697bf7579,200,no_identity,linkerd,,,,,,,,,
1612451220.14,response_latency_ms_count,,,10.1.2.32:4191,linkerd-proxy,linkerd,,linkerd-web-5697bf7579-ptnds,,1405,,,,,linkerd-web,web,linkerd,inbound,no_tls_from_remote,5697bf7579,200,no_identity,linkerd,,,,,,,,,
1612451230.14,response_latency_ms_count,,,10.1.2.32:4191,linkerd-proxy,linkerd,,linkerd-web-5697bf7579-ptnds,,1407,,,,,linkerd-web,web,linkerd,inbound,no_tls_from_remote,5697bf7579,200,no_identity,linkerd,,,,,,,,,
1612451240.14,response_latency_ms_count,,,10.1.2.32:4191,linkerd-proxy,linkerd,,linkerd-web-5697bf7579-ptnds,,1409,,,,,linkerd-web,web,linkerd,inbound,no_tls_from_remote,5697bf7579,200,no_identity,linkerd,,,,,,,,,
1612451250.14,response_latency_ms_count,,,10.1.2.32:4191,linkerd-proxy,linkerd,,linkerd-web-5697bf7579-ptnds,,1411,,,,,linkerd-web,web,linkerd,inbound,no_tls_from_remote,5697bf7579,200,no_identity,linkerd,,,,,,,,,
1612451260.14,response_latency_ms_count,,,10.1.2.32:4191,linkerd-proxy,linkerd,,linkerd-web-5697bf7579-ptnds,,1413,,,,,linkerd-web,web,linkerd,inbound,no_tls_from_remote,5697bf7579,200,no_identity,linkerd,,,,,,,,,
1612451270.14,response_latency_ms_count,,,10.1.2.32:4191,linkerd-proxy,linkerd,,linkerd-web-5697bf7579-ptnds,,1415,,,,,linkerd-web,web,linkerd,inbound,no_tls_from_remote,5697bf7579,200,no_identity,linkerd,,,,,,,,,
1612451280.14,response_latency_ms_count,,,10.1.2.32:4191,linkerd-proxy,linkerd,,linkerd-web-5697bf7579-ptnds,,1417,,,,,linkerd-web,web,linkerd,inbound,no_tls_from_remote,5697bf7579,200,no_identity,linkerd,,,,,,,,,
1612451290.14,response_latency_ms_count,,,10.1.2.32:4191,linkerd-proxy,linkerd,,linkerd-web-5697bf7579-ptnds,,1419,,,,,linkerd-web,web,linkerd,inbound,no_tls_from_remote,5697bf7579,200,no_identity,linkerd,,,,,,,,,
1612451300.14,response_latency_ms_count,,,10.1.2.32:4191,linkerd-proxy,linkerd,,linkerd-web-5697bf7579-ptnds,,1421,,,,,linkerd-web,web,linkerd,inbound,no_tls_from_remote,5697bf7579,200,no_identity,linkerd,,,,,,,,,
1612451190.413,response_latency_ms_count,,,10.1.2.31:4191,linkerd-proxy,linkerd,,linkerd-identity-59b578f747-7dldl,,3,,,,,linkerd-identity,identity,linkerd,inbound,no_peer_id_from_remote,59b578f747,200,no_identity,linkerd,linkerd-identity-headless.linkerd.svc.cluster.local:8080,,,,,,,,
1612451200.413,response_latency_ms_count,,,10.1.2.31:4191,linkerd-proxy,linkerd,,linkerd-identity-59b578f747-7dldl,,3,,,,,linkerd-identity,identity,linkerd,inbound,no_peer_id_from_remote,59b578f747,200,no_identity,linkerd,linkerd-identity-headless.linkerd.svc.cluster.local:8080,,,,,,,,
1612451210.413,response_latency_ms_count,,,10.1.2.31:4191,linkerd-proxy,linkerd,,linkerd-identity-59b578f747-7dldl,,3,,,,,linkerd-identity,identity,linkerd,inbound,no_peer_id_from_remote,59b578f747,200,no_identity,linkerd,linkerd-identity-headless.linkerd.svc.cluster.local:8080,,,,,,,,
1612451220.413,response_latency_ms_count,,,10.1.2.31:4191,linkerd-proxy,linkerd,,linkerd-identity-59b578f747-7dldl,,3,,,,,linkerd-identity,identity,linkerd,inbound,no_peer_id_from_remote,59b578f747,200,no_identity,linkerd,linkerd-identity-headless.linkerd.svc.cluster.local:8080,,,,,,,,
1612451230.413,response_latency_ms_count,,,10.1.2.31:4191,linkerd-proxy,linkerd,,linkerd-identity-59b578f747-7dldl,,4,,,,,linkerd-identity,identity,linkerd,inbound,no_peer_id_from_remote,59b578f747,200,no_identity,linkerd,linkerd-identity-headless.linkerd.svc.cluster.local:8080,,,,,,,,
1612451240.413,response_latency_ms_count,,,10.1.2.31:4191,linkerd-proxy,linkerd,,linkerd-identity-59b578f747-7dldl,,4,,,,,linkerd-identity,identity,linkerd,inbound,no_peer_id_from_remote,59b578f747,200,no_identity,linkerd,linkerd-identity-headless.linkerd.svc.cluster.local:8080,,,,,,,,
1612451250.413,response_latency_ms_count,,,10.1.2.31:4191,linkerd-proxy,linkerd,,linkerd-identity-59b578f747-7dldl,,4,,,,,linkerd-identity,identity,linkerd,inbound,no_peer_id_from_remote,59b578f747,200,no_identity,linkerd,linkerd-identity-headless.linkerd.svc.cluster.local:8080,,,,,,,,
1612451260.413,response_latency_ms_count,,,10.1.2.31:4191,linkerd-proxy,linkerd,,linkerd-identity-59b578f747-7dldl,,4,,,,,linkerd-identity,identity,linkerd,inbound,no_peer_id_from_remote,59b578f747,200,no_identity,linkerd,linkerd-identity-headless.linkerd.svc.cluster.local:8080,,,,,,,,
1612451270.413,response_latency_ms_count,,,10.1.2.31:4191,linkerd-proxy,linkerd,,linkerd-identity-59b578f747-7dldl,,4,,,,,linkerd-identity,identity,linkerd,inbound,no_peer_id_from_remote,59b578f747,200,no_identity,linkerd,linkerd-identity-headless.linkerd.svc.cluster.local:8080,,,,,,,,
1612451280.413,response_latency_ms_count,,,10.1.2.31:4191,linkerd-proxy,linkerd,,linkerd-identity-59b578f747-7dldl,,4,,,,,linkerd-identity,identity,linkerd,inbound,no_peer_id_from_remote,59b578f747,200,no_identity,linkerd,linkerd-identity-headless.linkerd.svc.cluster.local:8080,,,,,,,,
1612451290.413,response_latency_ms_count,,,10.1.2.31:4191,linkerd-proxy,linkerd,,linkerd-identity-59b578f747-7dldl,,4,,,,,linkerd-identity,identity,linkerd,inbound,no_peer_id_from_remote,59b578f747,200,no_identity,linkerd,linkerd-identity-headless.linkerd.svc.cluster.local:8080,,,,,,,,
1612451300.413,response_latency_ms_count,,,10.1.2.31:4191,linkerd-proxy,linkerd,,linkerd-identity-59b578f747-7dldl,,4,,,,,linkerd-identity,identity,linkerd,inbound,no_peer_id_from_remote,59b578f747,200,no_identity,linkerd,linkerd-identity-headless.linkerd.svc.cluster.local:8080,,,,,,,,
1612451193.251,response_latency_ms_count,,,10.1.2.25:4191,linkerd-proxy,linkerd,,linkerd-controller-6f4c8f48c8-2t5rq,,0,,,,,linkerd-controller,controller,linkerd,inbound,no_tls_from_remote,6f4c8f48c8,,no_identity,linkerd,,,,,,,,,
1612451203.251,response_latency_ms_count,,,10.1.2.25:4191,linkerd-proxy,linkerd,,linkerd-controller-6f4c8f48c8-2t5rq,,0,,,,,linkerd-controller,controller,linkerd,inbound,no_tls_from_remote,6f4c8f48c8,,no_identity,linkerd,,,,,,,,,
1612451213.251,response_latency_ms_count,,,10.1.2.25:4191,linkerd-proxy,linkerd,,linkerd-controller-6f4c8f48c8-2t5rq,,0,,,,,linkerd-controller,controller,linkerd,inbound,no_tls_from_remote,6f4c8f48c8,,no_identity,linkerd,,,,,,,,,
1612451223.251,response_latency_ms_count,,,10.1.2.25:4191,linkerd-proxy,linkerd,,linkerd-controller-6f4c8f48c8-2t5rq,,0,,,,,linkerd-controller,controller,linkerd,inbound,no_tls_from_remote,6f4c8f48c8,,no_identity,linkerd,,,,,,,,,
1612451233.251,response_latency_ms_count,,,10.1.2.25:4191,linkerd-proxy,linkerd,,linkerd-controller-6f4c8f48c8-2t5rq,,0,,,,,linkerd-controller,controller,linkerd,inbound,no_tls_from_remote,6f4c8f48c8,,no_identity,linkerd,,,,,,,,,
1612451243.251,response_latency_ms_count,,,10.1.2.25:4191,linkerd-proxy,linkerd,,linkerd-controller-6f4c8f48c8-2t5rq,,0,,,,,linkerd-controller,controller,linkerd,inbound,no_tls_from_remote,6f4c8f48c8,,no_identity,linkerd,,,,,,,,,
1612451253.251,response_latency_ms_count,,,10.1.2.25:4191,linkerd-proxy,linkerd,,linkerd-controller-6f4c8f48c8-2t5rq,,0,,,,,linkerd-controller,controller,linkerd,inbound,no_tls_from_remote,6f4c8f48c8,,no_identity,linkerd,,,,,,,,,
1612451263.251,response_latency_ms_count,,,10.1.2.25:4191,linkerd-proxy,linkerd,,linkerd-controller-6f4c8f48c8-2t5rq,,0,,,,,linkerd-controller,controller,linkerd,inbound,no_tls_from_remote,6f4c8f48c8,,no_identity,linkerd,,,,,,,,,
1612451273.251,response_latency_ms_count,,,10.1.2.25:4191,linkerd-proxy,linkerd,,linkerd-controller-6f4c8f48c8-2t5rq,,0,,,,,linkerd-controller,controller,linkerd,inbound,no_tls_from_remote,6f4c8f48c8,,no_identity,linkerd,,,,,,,,,
1612451283.251,response_latency_ms_count,,,10.1.2.25:4191,linkerd-proxy,linkerd,,linkerd-controller-6f4c8f48c8-2t5rq,,0,,,,,linkerd-controller,controller,linkerd,inbound,no_tls_from_remote,6f4c8f48c8,,no_identity,linkerd,,,,,,,,,
1612451293.251,response_latency_ms_count,,,10.1.2.25:4191,linkerd-proxy,linkerd,,linkerd-controller-6f4c8f48c8-2t5rq,,0,,,,,linkerd-controller,controller,linkerd,inbound,no_tls_from_remote,6f4c8f48c8,,no_identity,linkerd,,,,,,,,,
1612451303.251,response_latency_ms_count,,,10.1.2.25:4191,linkerd-proxy,linkerd,,linkerd-controller-6f4c8f48c8-2t5rq,,0,,,,,linkerd-controller,controller,linkerd,inbound,no_tls_from_remote,6f4c8f48c8,,no_identity,linkerd,,,,,,,,,
1612451193.251,response_latency_ms_count,,,10.1.2.25:4191,linkerd-proxy,linkerd,,linkerd-controller-6f4c8f48c8-2t5rq,,1400,,,,,linkerd-controller,controller,linkerd,inbound,no_tls_from_remote,6f4c8f48c8,200,no_identity,linkerd,,,,,,,,,
1612451203.251,response_latency_ms_count,,,10.1.2.25:4191,linkerd-proxy,linkerd,,linkerd-controller-6f4c8f48c8-2t5rq,,1402,,,,,linkerd-controller,controller,linkerd,inbound,no_tls_from_remote,6f4c8f48c8,200,no_identity,linkerd,,,,,,,,,
1612451213.251,response_latency_ms_count,,,10.1.2.25:4191,linkerd-proxy,linkerd,,linkerd-controller-6f4c8f48c8-2t5rq,,1404,,,,,linkerd-controller,controller,linkerd,inbound,no_tls_from_remote,6f4c8f48c8,200,no_identity,linkerd,,,,,,,,,
1612451223.251,response_latency_ms_count,,,10.1.2.25:4191,linkerd-proxy,linkerd,,linkerd-controller-6f4c8f48c8-2t5rq,,1406,,,,,linkerd-controller,controller,linkerd,inbound,no_tls_from_remote,6f4c8f48c8,200,no_identity,linkerd,,,,,,,,,
1612451233.251,response_latency_ms_count,,,10.1.2.25:4191,linkerd-proxy,linkerd,,linkerd-controller-6f4c8f48c8-2t5rq,,1408,,,,,linkerd-controller,controller,linkerd,inbound,no_tls_from_remote,6f4c8f48c8,200,no_identity,linkerd,,,,,,,,,
1612451243.251,response_latency_ms_count,,,10.1.2.25:4191,linkerd-proxy,linkerd,,linkerd-controller-6f4c8f48c8-2t5rq,,1410,,,,,linkerd-controller,controller,linkerd,inbound,no_tls_from_remote,6f4c8f48c8,200,no_identity,linkerd,,,,,,,,,
1612451253.251,response_latency_ms_count,,,10.1.2.25:4191,linkerd-proxy,linkerd,,linkerd-controller-6f4c8f48c8-2t5rq,,1412,,,,,linkerd-controller,controller,linkerd,inbound,no_tls_from_remote,6f4c8f48c8,200,no_identity,linkerd,,,,,,,,,
1612451263.251,response_latency_ms_count,,,10.1.2.25:4191,linkerd-proxy,linkerd,,linkerd-controller-6f4c8f48c8-2t5rq,,1414,,,,,linkerd-controller,controller,linkerd,inbound,no_tls_from_remote,6f4c8f48c8,200,no_identity,linkerd,,,,,,,,,
1612451273.251,response_latency_ms_count,,,10.1.2.25:4191,linkerd-proxy,linkerd,,linkerd-controller-6f4c8f48c8-2t5rq,,1416,,,,,linkerd-controller,controller,linkerd,inbound,no_tls_from_remote,6f4c8f48c8,200,no_identity,linkerd,,,,,,,,,
1612451283.251,response_latency_ms_count,,,10.1.2.25:4191,linkerd-proxy,linkerd,,linkerd-controller-6f4c8f48c8-2t5rq,,1418,,,,,linkerd-controller,controller,linkerd,inbound,no_tls_from_remote,6f4c8f48c8,200,no_identity,linkerd,,,,,,,,,
1612451293.251,response_latency_ms_count,,,10.1.2.25:4191,linkerd-proxy,linkerd,,linkerd-controller-6f4c8f48c8-2t5rq,,1420,,,,,linkerd-controller,controller,linkerd,inbound,no_tls_from_remote,6f4c8f48c8,200,no_identity,linkerd,,,,,,,,,
1612451303.251,response_latency_ms_count,,,10.1.2.25:4191,linkerd-proxy,linkerd,,linkerd-controller-6f4c8f48c8-2t5rq,,1422,,,,,linkerd-controller,controller,linkerd,inbound,no_tls_from_remote,6f4c8f48c8,200,no_identity,linkerd,,,,,,,,,
1612451193.251,response_latency_ms_count,,,10.1.2.25:4191,linkerd-proxy,linkerd,,linkerd-controller-6f4c8f48c8-2t5rq,,698,,,,,linkerd-controller,controller,linkerd,inbound,,6f4c8f48c8,200,true,linkerd,,linkerd-prometheus.linkerd.serviceaccount.identity.linkerd.cluster.local,,,,,,,
1612451203.251,response_latency_ms_count,,,10.1.2.25:4191,linkerd-proxy,linkerd,,linkerd-controller-6f4c8f48c8-2t5rq,,699,,,,,linkerd-controller,controller,linkerd,inbound,,6f4c8f48c8,200,true,linkerd,,linkerd-prometheus.linkerd.serviceaccount.identity.linkerd.cluster.local,,,,,,,
1612451213.251,response_latency_ms_count,,,10.1.2.25:4191,linkerd-proxy,linkerd,,linkerd-controller-6f4c8f48c8-2t5rq,,700,,,,,linkerd-controller,controller,linkerd,inbound,,6f4c8f48c8,200,true,linkerd,,linkerd-prometheus.linkerd.serviceaccount.identity.linkerd.cluster.local,,,,,,,
1612451223.251,response_latency_ms_count,,,10.1.2.25:4191,linkerd-proxy,linkerd,,linkerd-controller-6f4c8f48c8-2t5rq,,701,,,,,linkerd-controller,controller,linkerd,inbound,,6f4c8f48c8,200,true,linkerd,,linkerd-prometheus.linkerd.serviceaccount.identity.linkerd.cluster.local,,,,,,,
1612451233.251,response_latency_ms_count,,,10.1.2.25:4191,linkerd-proxy,linkerd,,linkerd-controller-6f4c8f48c8-2t5rq,,702,,,,,linkerd-controller,controller,linkerd,inbound,,6f4c8f48c8,200,true,linkerd,,linkerd-prometheus.linkerd.serviceaccount.identity.linkerd.cluster.local,,,,,,,
1612451243.251,response_latency_ms_count,,,10.1.2.25:4191,linkerd-proxy,linkerd,,linkerd-controller-6f4c8f48c8-2t5rq,,703,,,,,linkerd-controller,controller,linkerd,inbound,,6f4c8f48c8,200,true,linkerd,,linkerd-prometheus.linkerd.serviceaccount.identity.linkerd.cluster.local,,,,,,,
1612451253.251,response_latency_ms_count,,,10.1.2.25:4191,linkerd-proxy,linkerd,,linkerd-controller-6f4c8f48c8-2t5rq,,704,,,,,linkerd-controller,controller,linkerd,inbound,,6f4c8f48c8,200,true,linkerd,,linkerd-prometheus.linkerd.serviceaccount.identity.linkerd.cluster.local,,,,,,,
1612451263.251,response_latency_ms_count,,,10.1.2.25:4191,linkerd-proxy,linkerd,,linkerd-controller-6f4c8f48c8-2t5rq,,705,,,,,linkerd-controller,controller,linkerd,inbound,,6f4c8f48c8,200,true,linkerd,,linkerd-prometheus.linkerd.serviceaccount.identity.linkerd.cluster.local,,,,,,,
1612451273.251,response_latency_ms_count,,,10.1.2.25:4191,linkerd-proxy,linkerd,,linkerd-controller-6f4c8f48c8-2t5rq,,706,,,,,linkerd-controller,controller,linkerd,inbound,,6f4c8f48c8,200,true,linkerd,,linkerd-prometheus.linkerd.serviceaccount.identity.linkerd.cluster.local,,,,,,,
1612451283.251,response_latency_ms_count,,,10.1.2.25:4191,linkerd-proxy,linkerd,,linkerd-controller-6f4c8f48c8-2t5rq,,707,,,,,linkerd-controller,controller,linkerd,inbound,,6f4c8f48c8,200,true,linkerd,,linkerd-prometheus.linkerd.serviceaccount.identity.linkerd.cluster.local,,,,,,,
1612451293.251,response_latency_ms_count,,,10.1.2.25:4191,linkerd-proxy,linkerd,,linkerd-controller-6f4c8f48c8-2t5rq,,708,,,,,linkerd-controller,controller,linkerd,inbound,,6f4c8f48c8,200,true,linkerd,,linkerd-prometheus.linkerd.serviceaccount.identity.linkerd.cluster.local,,,,,,,
1612451303.251,response_latency_ms_count,,,10.1.2.25:4191,linkerd-proxy,linkerd,,linkerd-controller-6f4c8f48c8-2t5rq,,709,,,,,linkerd-controller,controller,linkerd,inbound,,6f4c8f48c8,200,true,linkerd,,linkerd-prometheus.linkerd.serviceaccount.identity.linkerd.cluster.local,,,,,,,
1612451194.335,response_latency_ms_count,,,10.1.2.27:4191,linkerd-proxy,linkerd,,linkerd-destination-7cc4785bf6-llf5t,,0,,,,,linkerd-destination,destination,linkerd,inbound,no_tls_from_remote,7cc4785bf6,,no_identity,linkerd,,,,,,,,,
1612451204.335,response_latency_ms_count,,,10.1.2.27:4191,linkerd-proxy,linkerd,,linkerd-destination-7cc4785bf6-llf5t,,0,,,,,linkerd-destination,destination,linkerd,inbound,no_tls_from_remote,7cc4785bf6,,no_identity,linkerd,,,,,,,,,
1612451214.335,response_latency_ms_count,,,10.1.2.27:4191,linkerd-proxy,linkerd,,linkerd-destination-7cc4785bf6-llf5t,,0,,,,,linkerd-destination,destination,linkerd,inbound,no_tls_from_remote,7cc4785bf6,,no_identity,linkerd,,,,,,,,,
1612451224.335,response_latency_ms_count,,,10.1.2.27:4191,linkerd-proxy,linkerd,,linkerd-destination-7cc4785bf6-llf5t,,0,,,,,linkerd-destination,destination,linkerd,inbound,no_tls_from_remote,7cc4785bf6,,no_identity,linkerd,,,,,,,,,
1612451234.335,response_latency_ms_count,,,10.1.2.27:4191,linkerd-proxy,linkerd,,linkerd-destination-7cc4785bf6-llf5t,,0,,,,,linkerd-destination,destination,linkerd,inbound,no_tls_from_remote,7cc4785bf6,,no_identity,linkerd,,,,,,,,,
1612451244.335,response_latency_ms_count,,,10.1.2.27:4191,linkerd-proxy,linkerd,,linkerd-destination-7cc4785bf6-llf5t,,0,,,,,linkerd-destination,destination,linkerd,inbound,no_tls_from_remote,7cc4785bf6,,no_identity,linkerd,,,,,,,,,
1612451254.335,response_latency_ms_count,,,10.1.2.27:4191,linkerd-proxy,linkerd,,linkerd-destination-7cc4785bf6-llf5t,,0,,,,,linkerd-destination,destination,linkerd,inbound,no_tls_from_remote,7cc4785bf6,,no_identity,linkerd,,,,,,,,,
1612451264.335,response_latency_ms_count,,,10.1.2.27:4191,linkerd-proxy,linkerd,,linkerd-destination-7cc4785bf6-llf5t,,0,,,,,linkerd-destination,destination,linkerd,inbound,no_tls_from_remote,7cc4785bf6,,no_identity,linkerd,,,,,,,,,
1612451274.335,response_latency_ms_count,,,10.1.2.27:4191,linkerd-proxy,linkerd,,linkerd-destination-7cc4785bf6-llf5t,,0,,,,,linkerd-destination,destination,linkerd,inbound,no_tls_from_remote,7cc4785bf6,,no_identity,linkerd,,,,,,,,,
1612451284.335,response_latency_ms_count,,,10.1.2.27:4191,linkerd-proxy,linkerd,,linkerd-destination-7cc4785bf6-llf5t,,0,,,,,linkerd-destination,destination,linkerd,inbound,no_tls_from_remote,7cc4785bf6,,no_identity,linkerd,,,,,,,,,
1612451294.335,response_latency_ms_count,,,10.1.2.27:4191,linkerd-proxy,linkerd,,linkerd-destination-7cc4785bf6-llf5t,,0,,,,,linkerd-destination,destination,linkerd,inbound,no_tls_from_remote,7cc4785bf6,,no_identity,linkerd,,,,,,,,,
1612451304.335,response_latency_ms_count,,,10.1.2.27:4191,linkerd-proxy,linkerd,,linkerd-destination-7cc4785bf6-llf5t,,0,,,,,linkerd-destination,destination,linkerd,inbound,no_tls_from_remote,7cc4785bf6,,no_identity,linkerd,,,,,,,,,
1612451194.335,response_latency_ms_count,,,10.1.2.27:4191,linkerd-proxy,linkerd,,linkerd-destination-7cc4785bf6-llf5t,,1402,,,,,linkerd-destination,destination,linkerd,inbound,no_tls_from_remote,7cc4785bf6,200,no_identity,linkerd,,,,,,,,,
1612451204.335,response_latency_ms_count,,,10.1.2.27:4191,linkerd-proxy,linkerd,,linkerd-destination-7cc4785bf6-llf5t,,1404,,,,,linkerd-destination,destination,linkerd,inbound,no_tls_from_remote,7cc4785bf6,200,no_identity,linkerd,,,,,,,,,
1612451214.335,response_latency_ms_count,,,10.1.2.27:4191,linkerd-proxy,linkerd,,linkerd-destination-7cc4785bf6-llf5t,,1406,,,,,linkerd-destination,destination,linkerd,inbound,no_tls_from_remote,7cc4785bf6,200,no_identity,linkerd,,,,,,,,,
1612451224.335,response_latency_ms_count,,,10.1.2.27:4191,linkerd-proxy,linkerd,,linkerd-destination-7cc4785bf6-llf5t,,1408,,,,,linkerd-destination,destination,linkerd,inbound,no_tls_from_remote,7cc4785bf6,200,no_identity,linkerd,,,,,,,,,
1612451234.335,response_latency_ms_count,,,10.1.2.27:4191,linkerd-proxy,linkerd,,linkerd-destination-7cc4785bf6-llf5t,,1410,,,,,linkerd-destination,destination,linkerd,inbound,no_tls_from_remote,7cc4785bf6,200,no_identity,linkerd,,,,,,,,,
1612451244.335,response_latency_ms_count,,,10.1.2.27:4191,linkerd-proxy,linkerd,,linkerd-destination-7cc4785bf6-llf5t,,1412,,,,,linkerd-destination,destination,linkerd,inbound,no_tls_from_remote,7cc4785bf6,200,no_identity,linkerd,,,,,,,,,
1612451254.335,response_latency_ms_count,,,10.1.2.27:4191,linkerd-proxy,linkerd,,linkerd-destination-7cc4785bf6-llf5t,,1414,,,,,linkerd-destination,destination,linkerd,inbound,no_tls_from_remote,7cc4785bf6,200,no_identity,linkerd,,,,,,,,,
1612451264.335,response_latency_ms_count,,,10.1.2.27:4191,linkerd-proxy,linkerd,,linkerd-destination-7cc4785bf6-llf5t,,1416,,,,,linkerd-destination,destination,linkerd,inbound,no_tls_from_remote,7cc4785bf6,200,no_identity,linkerd,,,,,,,,,
1612451274.335,response_latency_ms_count,,,10.1.2.27:4191,linkerd-proxy,linkerd,,linkerd-destination-7cc4785bf6-llf5t,,1418,,,,,linkerd-destination,destination,linkerd,inbound,no_tls_from_remote,7cc4785bf6,200,no_identity,linkerd,,,,,,,,,
1612451284.335,response_latency_ms_count,,,10.1.2.27:4191,linkerd-proxy,linkerd,,linkerd-destination-7cc4785bf6-llf5t,,1420,,,,,linkerd-destination,destination,linkerd,inbound,no_tls_from_remote,7cc4785bf6,200,no_identity,linkerd,,,,,,,,,
1612451294.335,response_latency_ms_count,,,10.1.2.27:4191,linkerd-proxy,linkerd,,linkerd-destination-7cc4785bf6-llf5t,,1422,,,,,linkerd-destination,destination,linkerd,inbound,no_tls_from_remote,7cc4785bf6,200,no_identity,linkerd,,,,,,,,,
1612451304.335,response_latency_ms_count,,,10.1.2.27:4191,linkerd-proxy,linkerd,,linkerd-destination-7cc4785bf6-llf5t,,1424,,,,,linkerd-destination,destination,linkerd,inbound,no_tls_from_remote,7cc4785bf6,200,no_identity,linkerd,,,,,,,,,
1612451194.335,response_latency_ms_count,,,10.1.2.27:4191,linkerd-proxy,linkerd,,linkerd-destination-7cc4785bf6-llf5t,,1,,,,,linkerd-destination,destination,linkerd,inbound,,7cc4785bf6,200,true,linkerd,linkerd-dst-headless.linkerd.svc.cluster.local:8086,linkerd-controller.linkerd.serviceaccount.identity.linkerd.cluster.local,,,,,,,
1612451204.335,response_latency_ms_count,,,10.1.2.27:4191,linkerd-proxy,linkerd,,linkerd-destination-7cc4785bf6-llf5t,,1,,,,,linkerd-destination,destination,linkerd,inbound,,7cc4785bf6,200,true,linkerd,linkerd-dst-headless.linkerd.svc.cluster.local:8086,linkerd-controller.linkerd.serviceaccount.identity.linkerd.cluster.local,,,,,,,
1612451214.335,response_latency_ms_count,,,10.1.2.27:4191,linkerd-proxy,linkerd,,linkerd-destination-7cc4785bf6-llf5t,,1,,,,,linkerd-destination,destination,linkerd,inbound,,7cc4785bf6,200,true,linkerd,linkerd-dst-headless.linkerd.svc.cluster.local:8086,linkerd-controller.linkerd.serviceaccount.identity.linkerd.cluster.local,,,,,,,
1612451224.335,response_latency_ms_count,,,10.1.2.27:4191,linkerd-proxy,linkerd,,linkerd-destination-7cc4785bf6-llf5t,,1,,,,,linkerd-destination,destination,linkerd,inbound,,7cc4785bf6,200,true,linkerd,linkerd-dst-headless.linkerd.svc.cluster.local:8086,linkerd-controller.linkerd.serviceaccount.identity.linkerd.cluster.local,,,,,,,
1612451234.335,response_latency_ms_count,,,10.1.2.27:4191,linkerd-proxy,linkerd,,linkerd-destination-7cc4785bf6-llf5t,,1,,,,,linkerd-destination,destination,linkerd,inbound,,7cc4785bf6,200,true,linkerd,linkerd-dst-headless.linkerd.svc.cluster.local:8086,linkerd-controller.linkerd.serviceaccount.identity.linkerd.cluster.local,,,,,,,
1612451244.335,response_latency_ms_count,,,10.1.2.27:4191,linkerd-proxy,linkerd,,linkerd-destination-7cc4785bf6-llf5t,,1,,,,,linkerd-destination,destination,linkerd,inbound,,7cc4785bf6,200,true,linkerd,linkerd-dst-headless.linkerd.svc.cluster.local:8086,linkerd-controller.linkerd.serviceaccount.identity.linkerd.cluster.local,,,,,,,
1612451254.335,response_latency_ms_count,,,10.1.2.27:4191,linkerd-proxy,linkerd,,linkerd-destination-7cc4785bf6-llf5t,,1,,,,,linkerd-destination,destination,linkerd,inbound,,7cc4785bf6,200,true,linkerd,linkerd-dst-headless.linkerd.svc.cluster.local:8086,linkerd-controller.linkerd.serviceaccount.identity.linkerd.cluster.local,,,,,,,
1612451264.335,response_latency_ms_count,,,10.1.2.27:4191,linkerd-proxy,linkerd,,linkerd-destination-7cc4785bf6-llf5t,,1,,,,,linkerd-destination,destination,linkerd,inbound,,7cc4785bf6,200,true,linkerd,linkerd-dst-headless.linkerd.svc.cluster.local:8086,linkerd-controller.linkerd.serviceaccount.identity.linkerd.cluster.local,,,,,,,
1612451274.335,response_latency_ms_count,,,10.1.2.27:4191,linkerd-proxy,linkerd,,linkerd-destination-7cc4785bf6-llf5t,,1,,,,,linkerd-destination,destination,linkerd,inbound,,7cc4785bf6,200,true,linkerd,linkerd-dst-headless.linkerd.svc.cluster.local:8086,linkerd-controller.linkerd.serviceaccount.identity.linkerd.cluster.local,,,,,,,
1612451284.335,response_latency_ms_count,,,10.1.2.27:4191,linkerd-proxy,linkerd,,linkerd-destination-7cc4785bf6-llf5t,,1,,,,,linkerd-destination,destination,linkerd,inbound,,7cc4785bf6,200,true,linkerd,linkerd-dst-headless.linkerd.svc.cluster.local:8086,linkerd-controller.linkerd.serviceaccount.identity.linkerd.cluster.local,,,,,,,
1612451294.335,response_latency_ms_count,,,10.1.2.27:4191,linkerd-proxy,linkerd,,linkerd-destination-7cc4785bf6-llf5t,,1,,,,,linkerd-destination,destination,linkerd,inbound,,7cc4785bf6,200,true,linkerd,linkerd-dst-headless.linkerd.svc.cluster.local:8086,linkerd-controller.linkerd.serviceaccount.identity.linkerd.cluster.local,,,,,,,
1612451304.335,response_latency_ms_count,,,10.1.2.27:4191,linkerd-proxy,linkerd,,linkerd-destination-7cc4785bf6-llf5t,,1,,,,,linkerd-destination,destination,linkerd,inbound,,7cc4785bf6,200,true,linkerd,linkerd-dst-headless.linkerd.svc.cluster.local:8086,linkerd-controller.linkerd.serviceaccount.identity.linkerd.cluster.local,,,,,,,
1612451194.335,response_latency_ms_count,,,10.1.2.27:4191,linkerd-proxy,linkerd,,linkerd-destination-7cc4785bf6-llf5t,,3,,,,,linkerd-destination,destination,linkerd,inbound,,7cc4785bf6,200,true,linkerd,linkerd-dst-headless.linkerd.svc.cluster.local:8086,linkerd-identity.linkerd.serviceaccount.identity.linkerd.cluster.local,,,,,,,
1612451204.335,response_latency_ms_count,,,10.1.2.27:4191,linkerd-proxy,linkerd,,linkerd-destination-7cc4785bf6-llf5t,,3,,,,,linkerd-destination,destination,linkerd,inbound,,7cc4785bf6,200,true,linkerd,linkerd-dst-headless.linkerd.svc.cluster.local:8086,linkerd-identity.linkerd.serviceaccount.identity.linkerd.cluster.local,,,,,,,
1612451214.335,response_latency_ms_count,,,10.1.2.27:4191,linkerd-proxy,linkerd,,linkerd-destination-7cc4785bf6-llf5t,,3,,,,,linkerd-destination,destination,linkerd,inbound,,7cc4785bf6,200,true,linkerd,linkerd-dst-headless.linkerd.svc.cluster.local:8086,linkerd-identity.linkerd.serviceaccount.identity.linkerd.cluster.local,,,,,,,
1612451224.335,response_latency_ms_count,,,10.1.2.27:4191,linkerd-proxy,linkerd,,linkerd-destination-7cc4785bf6-llf5t,,4,,,,,linkerd-destination,destination,linkerd,inbound,,7cc4785bf6,200,true,linkerd,linkerd-dst-headless.linkerd.svc.cluster.local:8086,linkerd-identity.linkerd.serviceaccount.identity.linkerd.cluster.local,,,,,,,
1612451234.335,response_latency_ms_count,,,10.1.2.27:4191,linkerd-proxy,linkerd,,linkerd-destination-7cc4785bf6-llf5t,,4,,,,,linkerd-destination,destination,linkerd,inbound,,7cc4785bf6,200,true,linkerd,linkerd-dst-headless.linkerd.svc.cluster.local:8086,linkerd-identity.linkerd.serviceaccount.identity.linkerd.cluster.local,,,,,,,
1612451244.335,response_latency_ms_count,,,10.1.2.27:4191,linkerd-proxy,linkerd,,linkerd-destination-7cc4785bf6-llf5t,,4,,,,,linkerd-destination,destination,linkerd,inbound,,7cc4785bf6,200,true,linkerd,linkerd-dst-headless.linkerd.svc.cluster.local:8086,linkerd-identity.linkerd.serviceaccount.identity.linkerd.cluster.local,,,,,,,
1612451254.335,response_latency_ms_count,,,10.1.2.27:4191,linkerd-proxy,linkerd,,linkerd-destination-7cc4785bf6-llf5t,,4,,,,,linkerd-destination,destination,linkerd,inbound,,7cc4785bf6,200,true,linkerd,linkerd-dst-headless.linkerd.svc.cluster.local:8086,linkerd-identity.linkerd.serviceaccount.identity.linkerd.cluster.local,,,,,,,
1612451264.335,response_latency_ms_count,,,10.1.2.27:4191,linkerd-proxy,linkerd,,linkerd-destination-7cc4785bf6-llf5t,,4,,,,,linkerd-destination,destination,linkerd,inbound,,7cc4785bf6,200,true,linkerd,linkerd-dst-headless.linkerd.svc.cluster.local:8086,linkerd-identity.linkerd.serviceaccount.identity.linkerd.cluster.local,,,,,,,
1612451274.335,response_latency_ms_count,,,10.1.2.27:4191,linkerd-proxy,linkerd,,linkerd-destination-7cc4785bf6-llf5t,,4,,,,,linkerd-destination,destination,linkerd,inbound,,7cc4785bf6,200,true,linkerd,linkerd-dst-headless.linkerd.svc.cluster.local:8086,linkerd-identity.linkerd.serviceaccount.identity.linkerd.cluster.local,,,,,,,
1612451284.335,response_latency_ms_count,,,10.1.2.27:4191,linkerd-proxy,linkerd,,linkerd-destination-7cc4785bf6-llf5t,,4,,,,,linkerd-destination,destination,linkerd,inbound,,7cc4785bf6,200,true,linkerd,linkerd-dst-headless.linkerd.svc.cluster.local:8086,linkerd-identity.linkerd.serviceaccount.identity.linkerd.cluster.local,,,,,,,
1612451294.335,response_latency_ms_count,,,10.1.2.27:4191,linkerd-proxy,linkerd,,linkerd-destination-7cc4785bf6-llf5t,,4,,,,,linkerd-destination,destination,linkerd,inbound,,7cc4785bf6,200,true,linkerd,linkerd-dst-headless.linkerd.svc.cluster.local:8086,linkerd-identity.linkerd.serviceaccount.identity.linkerd.cluster.local,,,,,,,
1612451304.335,response_latency_ms_count,,,10.1.2.27:4191,linkerd-proxy,linkerd,,linkerd-destination-7cc4785bf6-llf5t,,4,,,,,linkerd-destination,destination,linkerd,inbound,,7cc4785bf6,200,true,linkerd,linkerd-dst-headless.linkerd.svc.cluster.local:8086,linkerd-identity.linkerd.serviceaccount.identity.linkerd.cluster.local,,,,,,,
1612451194.335,response_latency_ms_count,,,10.1.2.27:4191,linkerd-proxy,linkerd,,linkerd-destination-7cc4785bf6-llf5t,,37,,,,,linkerd-destination,destination,linkerd,inbound,,7cc4785bf6,200,true,linkerd,linkerd-dst-headless.linkerd.svc.cluster.local:8086,linkerd-prometheus.linkerd.serviceaccount.identity.linkerd.cluster.local,,,,,,,
1612451204.335,response_latency_ms_count,,,10.1.2.27:4191,linkerd-proxy,linkerd,,linkerd-destination-7cc4785bf6-llf5t,,37,,,,,linkerd-destination,destination,linkerd,inbound,,7cc4785bf6,200,true,linkerd,linkerd-dst-headless.linkerd.svc.cluster.local:8086,linkerd-prometheus.linkerd.serviceaccount.identity.linkerd.cluster.local,,,,,,,
1612451214.335,response_latency_ms_count,,,10.1.2.27:4191,linkerd-proxy,linkerd,,linkerd-destination-7cc4785bf6-llf5t,,37,,,,,linkerd-destination,destination,linkerd,inbound,,7cc4785bf6,200,true,linkerd,linkerd-dst-headless.linkerd.svc.cluster.local:8086,linkerd-prometheus.linkerd.serviceaccount.identity.linkerd.cluster.local,,,,,,,
1612451224.335,response_latency_ms_count,,,10.1.2.27:4191,linkerd-proxy,linkerd,,linkerd-destination-7cc4785bf6-llf5t,,37,,,,,linkerd-destination,destination,linkerd,inbound,,7cc4785bf6,200,true,linkerd,linkerd-dst-headless.linkerd.svc.cluster.local:8086,linkerd-prometheus.linkerd.serviceaccount.identity.linkerd.cluster.local,,,,,,,
1612451234.335,response_latency_ms_count,,,10.1.2.27:4191,linkerd-proxy,linkerd,,linkerd-destination-7cc4785bf6-llf5t,,38,,,,,linkerd-destination,destination,linkerd,inbound,,7cc4785bf6,200,true,linkerd,linkerd-dst-headless.linkerd.svc.cluster.local:8086,linkerd-prometheus.linkerd.serviceaccount.identity.linkerd.cluster.local,,,,,,,
1612451244.335,response_latency_ms_count,,,10.1.2.27:4191,linkerd-proxy,linkerd,,linkerd-destination-7cc4785bf6-llf5t,,39,,,,,linkerd-destination,destination,linkerd,inbound,,7cc4785bf6,200,true,linkerd,linkerd-dst-headless.linkerd.svc.cluster.local:8086,linkerd-prometheus.linkerd.serviceaccount.identity.linkerd.cluster.local,,,,,,,
1612451254.335,response_latency_ms_count,,,10.1.2.27:4191,linkerd-proxy,linkerd,,linkerd-destination-7cc4785bf6-llf5t,,41,,,,,linkerd-destination,destination,linkerd,inbound,,7cc4785bf6,200,true,linkerd,linkerd-dst-headless.linkerd.svc.cluster.local:8086,linkerd-prometheus.linkerd.serviceaccount.identity.linkerd.cluster.local,,,,,,,
1612451264.335,response_latency_ms_count,,,10.1.2.27:4191,linkerd-proxy,linkerd,,linkerd-destination-7cc4785bf6-llf5t,,43,,,,,linkerd-destination,destination,linkerd,inbound,,7cc4785bf6,200,true,linkerd,linkerd-dst-headless.linkerd.svc.cluster.local:8086,linkerd-prometheus.linkerd.serviceaccount.identity.linkerd.cluster.local,,,,,,,
1612451274.335,response_latency_ms_count,,,10.1.2.27:4191,linkerd-proxy,linkerd,,linkerd-destination-7cc4785bf6-llf5t,,44,,,,,linkerd-destination,destination,linkerd,inbound,,7cc4785bf6,200,true,linkerd,linkerd-dst-headless.linkerd.svc.cluster.local:8086,linkerd-prometheus.linkerd.serviceaccount.identity.linkerd.cluster.local,,,,,,,
1612451284.335,response_latency_ms_count,,,10.1.2.27:4191,linkerd-proxy,linkerd,,linkerd-destination-7cc4785bf6-llf5t,,44,,,,,linkerd-destination,destination,linkerd,inbound,,7cc4785bf6,200,true,linkerd,linkerd-dst-headless.linkerd.svc.cluster.local:8086,linkerd-prometheus.linkerd.serviceaccount.identity.linkerd.cluster.local,,,,,,,
1612451294.335,response_latency_ms_count,,,10.1.2.27:4191,linkerd-proxy,linkerd,,linkerd-destination-7cc4785bf6-llf5t,,44,,,,,linkerd-destination,destination,linkerd,inbound,,7cc4785bf6,200,true,linkerd,linkerd-dst-headless.linkerd.svc.cluster.local:8086,linkerd-prometheus.linkerd.serviceaccount.identity.linkerd.cluster.local,,,,,,,
1612451304.335,response_latency_ms_count,,,10.1.2.27:4191,linkerd-proxy,linkerd,,linkerd-destination-7cc4785bf6-llf5t,,44,,,,,linkerd-destination,destination,linkerd,inbound,,7cc4785bf6,200,true,linkerd,linkerd-dst-headless.linkerd.svc.cluster.local:8086,linkerd-prometheus.linkerd.serviceaccount.identity.linkerd.cluster.local,,,,,,,
1612451195.185,response_latency_ms_count,,,10.1.2.28:4191,linkerd-proxy,linkerd,,linkerd-prometheus-7cc868fc59-82qll,,698,,,,,linkerd-prometheus,prometheus,linkerd,outbound,,7cc868fc59,200,true,linkerd,10.1.2.33:4191,,linkerd,linkerd-proxy-injector,linkerd,linkerd-proxy-injector-6bb795c888-kpwns,6bb795c888,linkerd-proxy-injector,linkerd-proxy-injector.linkerd.serviceaccount.identity.linkerd.cluster.local
1612451205.185,response_latency_ms_count,,,10.1.2.28:4191,linkerd-proxy,linkerd,,linkerd-prometheus-7cc868fc59-82qll,,699,,,,,linkerd-prometheus,prometheus,linkerd,outbound,,7cc868fc59,200,true,linkerd,10.1.2.33:4191,,linkerd,linkerd-proxy-injector,linkerd,linkerd-proxy-injector-6bb795c888-kpwns,6bb795c888,linkerd-proxy-injector,linkerd-proxy-injector.linkerd.serviceaccount.identity.linkerd.cluster.local
1612451215.186,response_latency_ms_count,,,10.1.2.28:4191,linkerd-proxy,linkerd,,linkerd-prometheus-7cc868fc59-82qll,,700,,,,,linkerd-prometheus,prometheus,linkerd,outbound,,7cc868fc59,200,true,linkerd,10.1.2.33:4191,,linkerd,linkerd-proxy-injector,linkerd,linkerd-proxy-injector-6bb795c888-kpwns,6bb795c888,linkerd-proxy-injector,linkerd-proxy-injector.linkerd.serviceaccount.identity.linkerd.cluster.local
1612451225.185,response_latency_ms_count,,,10.1.2.28:4191,linkerd-proxy,linkerd,,linkerd-prometheus-7cc868fc59-82qll,,701,,,,,linkerd-prometheus,prometheus,linkerd,outbound,,7cc868fc59,200,true,linkerd,10.1.2.33:4191,,linkerd,linkerd-proxy-injector,linkerd,linkerd-proxy-injector-6bb795c888-kpwns,6bb795c888,linkerd-proxy-injector,linkerd-proxy-injector.linkerd.serviceaccount.identity.linkerd.cluster.local
1612451235.185,response_latency_ms_count,,,10.1.2.28:4191,linkerd-proxy,linkerd,,linkerd-prometheus-7cc868fc59-82qll,,702,,,,,linkerd-prometheus,prometheus,linkerd,outbound,,7cc868fc59,200,true,linkerd,10.1.2.33:4191,,linkerd,linkerd-proxy-injector,linkerd,linkerd-proxy-injector-6bb795c888-kpwns,6bb795c888,linkerd-proxy-injector,linkerd-proxy-injector.linkerd.serviceaccount.identity.linkerd.cluster.local
1612451245.185,response_latency_ms_count,,,10.1.2.28:4191,linkerd-proxy,linkerd,,linkerd-prometheus-7cc868fc59-82qll,,703,,,,,linkerd-prometheus,prometheus,linkerd,outbound,,7cc868fc59,200,true,linkerd,10.1.2.33:4191,,linkerd,linkerd-proxy-injector,linkerd,linkerd-proxy-injector-6bb795c888-kpwns,6bb795c888,linkerd-proxy-injector,linkerd-proxy-injector.linkerd.serviceaccount.identity.linkerd.cluster.local
1612451255.185,response_latency_ms_count,,,10.1.2.28:4191,linkerd-proxy,linkerd,,linkerd-prometheus-7cc868fc59-82qll,,704,,,,,linkerd-prometheus,prometheus,linkerd,outbound,,7cc868fc59,200,true,linkerd,10.1.2.33:4191,,linkerd,linkerd-proxy-injector,linkerd,linkerd-proxy-injector-6bb795c888-kpwns,6bb795c888,linkerd-proxy-injector,linkerd-proxy-injector.linkerd.serviceaccount.identity.linkerd.cluster.local
1612451265.185,response_latency_ms_count,,,10.1.2.28:4191,linkerd-proxy,linkerd,,linkerd-prometheus-7cc868fc59-82qll,,705,,,,,linkerd-prometheus,prometheus,linkerd,outbound,,7cc868fc59,200,true,linkerd,10.1.2.33:4191,,linkerd,linkerd-proxy-injector,linkerd,linkerd-proxy-injector-6bb795c888-kpwns,6bb795c888,linkerd-proxy-injector,linkerd-proxy-injector.linkerd.serviceaccount.identity.linkerd.cluster.local
1612451275.185,response_latency_ms_count,,,10.1.2.28:4191,linkerd-proxy,linkerd,,linkerd-prometheus-7cc868fc59-82qll,,706,,,,,linkerd-prometheus,prometheus,linkerd,outbound,,7cc868fc59,200,true,linkerd,10.1.2.33:4191,,linkerd,linkerd-proxy-injector,linkerd,linkerd-proxy-injector-6bb795c888-kpwns,6bb795c888,linkerd-proxy-injector,linkerd-proxy-injector.linkerd.serviceaccount.identity.linkerd.cluster.local
1612451285.185,response_latency_ms_count,,,10.1.2.28:4191,linkerd-proxy,linkerd,,linkerd-prometheus-7cc868fc59-82qll,,707,,,,,linkerd-prometheus,prometheus,linkerd,outbound,,7cc868fc59,200,true,linkerd,10.1.2.33:4191,,linkerd,linkerd-proxy-injector,linkerd,linkerd-proxy-injector-6bb795c888-kpwns,6bb795c888,linkerd-proxy-injector,linkerd-proxy-injector.linkerd.serviceaccount.identity.linkerd.cluster.local
1612451295.185,response_latency_ms_count,,,10.1.2.28:4191,linkerd-proxy,linkerd,,linkerd-prometheus-7cc868fc59-82qll,,708,,,,,linkerd-prometheus,prometheus,linkerd,outbound,,7cc868fc59,200,true,linkerd,10.1.2.33:4191,,linkerd,linkerd-proxy-injector,linkerd,linkerd-proxy-injector-6bb795c888-kpwns,6bb795c888,linkerd-proxy-injector,linkerd-proxy-injector.linkerd.serviceaccount.identity.linkerd.cluster.local
1612451305.185,response_latency_ms_count,,,10.1.2.28:4191,linkerd-proxy,linkerd,,linkerd-prometheus-7cc868fc59-82qll,,709,,,,,linkerd-prometheus,prometheus,linkerd,outbound,,7cc868fc59,200,true,linkerd,10.1.2.33:4191,,linkerd,linkerd-proxy-injector,linkerd,linkerd-proxy-injector-6bb795c888-kpwns,6bb795c888,linkerd-proxy-injector,linkerd-proxy-injector.linkerd.serviceaccount.identity.linkerd.cluster.local
1612451195.185,response_latency_ms_count,,,10.1.2.28:4191,linkerd-proxy,linkerd,,linkerd-prometheus-7cc868fc59-82qll,,698,,,,,linkerd-prometheus,prometheus,linkerd,outbound,,7cc868fc59,200,true,linkerd,10.1.2.33:9995,,linkerd,linkerd-proxy-injector,linkerd,linkerd-proxy-injector-6bb795c888-kpwns,6bb795c888,linkerd-proxy-injector,linkerd-proxy-injector.linkerd.serviceaccount.identity.linkerd.cluster.local
1612451205.185,response_latency_ms_count,,,10.1.2.28:4191,linkerd-proxy,linkerd,,linkerd-prometheus-7cc868fc59-82qll,,699,,,,,linkerd-prometheus,prometheus,linkerd,outbound,,7cc868fc59,200,true,linkerd,10.1.2.33:9995,,linkerd,linkerd-proxy-injector,linkerd,linkerd-proxy-injector-6bb795c888-kpwns,6bb795c888,linkerd-proxy-injector,linkerd-proxy-injector.linkerd.serviceaccount.identity.linkerd.cluster.local
1612451215.186,response_latency_ms_count,,,10.1.2.28:4191,linkerd-proxy,linkerd,,linkerd-prometheus-7cc868fc59-82qll,,700,,,,,linkerd-prometheus,prometheus,linkerd,outbound,,7cc868fc59,200,true,linkerd,10.1.2.33:9995,,linkerd,linkerd-proxy-injector,linkerd,linkerd-proxy-injector-6bb795c888-kpwns,6bb795c888,linkerd-proxy-injector,linkerd-proxy-injector.linkerd.serviceaccount.identity.linkerd.cluster.local
1612451225.185,response_latency_ms_count,,,10.1.2.28:4191,linkerd-proxy,linkerd,,linkerd-prometheus-7cc868fc59-82qll,,701,,,,,linkerd-prometheus,prometheus,linkerd,outbound,,7cc868fc59,200,true,linkerd,10.1.2.33:9995,,linkerd,linkerd-proxy-injector,linkerd,linkerd-proxy-injector-6bb795c888-kpwns,6bb795c888,linkerd-proxy-injector,linkerd-proxy-injector.linkerd.serviceaccount.identity.linkerd.cluster.local
1612451235.185,response_latency_ms_count,,,10.1.2.28:4191,linkerd-proxy,linkerd,,linkerd-prometheus-7cc868fc59-82qll,,702,,,,,linkerd-prometheus,prometheus,linkerd,outbound,,7cc868fc59,200,true,linkerd,10.1.2.33:9995,,linkerd,linkerd-proxy-injector,linkerd,linkerd-proxy-injector-6bb795c888-kpwns,6bb795c888,linkerd-proxy-injector,linkerd-proxy-injector.linkerd.serviceaccount.identity.linkerd.cluster.local
1612451245.185,response_latency_ms_count,,,10.1.2.28:4191,linkerd-proxy,linkerd,,linkerd-prometheus-7cc868fc59-82qll,,703,,,,,linkerd-prometheus,prometheus,linkerd,outbound,,7cc868fc59,200,true,linkerd,10.1.2.33:9995,,linkerd,linkerd-proxy-injector,linkerd,linkerd-proxy-injector-6bb795c888-kpwns,6bb795c888,linkerd-proxy-injector,linkerd-proxy-injector.linkerd.serviceaccount.identity.linkerd.cluster.local
1612451255.185,response_latency_ms_count,,,10.1.2.28:4191,linkerd-proxy,linkerd,,linkerd-prometheus-7cc868fc59-82qll,,704,,,,,linkerd-prometheus,prometheus,linkerd,outbound,,7cc868fc59,200,true,linkerd,10.1.2.33:9995,,linkerd,linkerd-proxy-injector,linkerd,linkerd-proxy-injector-6bb795c888-kpwns,6bb795c888,linkerd-proxy-injector,linkerd-proxy-injector.linkerd.serviceaccount.identity.linkerd.cluster.local
1612451265.185,response_latency_ms_count,,,10.1.2.28:4191,linkerd-proxy,linkerd,,linkerd-prometheus-7cc868fc59-82qll,,705,,,,,linkerd-prometheus,prometheus,linkerd,outbound,,7cc868fc59,200,true,linkerd,10.1.2.33:9995,,linkerd,linkerd-proxy-injector,linkerd,linkerd-proxy-injector-6bb795c888-kpwns,6bb795c888,linkerd-proxy-injector,linkerd-proxy-injector.linkerd.serviceaccount.identity.linkerd.cluster.local
1612451275.185,response_latency_ms_count,,,10.1.2.28:4191,linkerd-proxy,linkerd,,linkerd-prometheus-7cc868fc59-82qll,,706,,,,,linkerd-prometheus,prometheus,linkerd,outbound,,7cc868fc59,200,true,linkerd,10.1.2.33:9995,,linkerd,linkerd-proxy-injector,linkerd,linkerd-proxy-injector-6bb795c888-kpwns,6bb795c888,linkerd-proxy-injector,linkerd-proxy-injector.linkerd.serviceaccount.identity.linkerd.cluster.local
1612451285.185,response_latency_ms_count,,,10.1.2.28:4191,linkerd-proxy,linkerd,,linkerd-prometheus-7cc868fc59-82qll,,707,,,,,linkerd-prometheus,prometheus,linkerd,outbound,,7cc868fc59,200,true,linkerd,10.1.2.33:9995,,linkerd,linkerd-proxy-injector,linkerd,linkerd-proxy-injector-6bb795c888-kpwns,6bb795c888,linkerd-proxy-injector,linkerd-proxy-injector.linkerd.serviceaccount.identity.linkerd.cluster.local
1612451295.185,response_latency_ms_count,,,10.1.2.28:4191,linkerd-proxy,linkerd,,linkerd-prometheus-7cc868fc59-82qll,,708,,,,,linkerd-prometheus,prometheus,linkerd,outbound,,7cc868fc59,200,true,linkerd,10.1.2.33:9995,,linkerd,linkerd-proxy-injector,linkerd,linkerd-proxy-injector-6bb795c888-kpwns,6bb795c888,linkerd-proxy-injector,linkerd-proxy-injector.linkerd.serviceaccount.identity.linkerd.cluster.local
1612451305.185,response_latency_ms_count,,,10.1.2.28:4191,linkerd-proxy,linkerd,,linkerd-prometheus-7cc868fc59-82qll,,709,,,,,linkerd-prometheus,prometheus,linkerd,outbound,,7cc868fc59,200,true,linkerd,10.1.2.33:9995,,linkerd,linkerd-proxy-injector,linkerd,linkerd-proxy-injector-6bb795c888-kpwns,6bb795c888,linkerd-proxy-injector,linkerd-proxy-injector.linkerd.serviceaccount.identity.linkerd.cluster.local
1612451195.185,response_latency_ms_count,,,10.1.2.28:4191,linkerd-proxy,linkerd,,linkerd-prometheus-7cc868fc59-82qll,,698,,,,,linkerd-prometheus,prometheus,linkerd,outbound,,7cc868fc59,200,true,linkerd,10.1.2.24:4191,,linkerd,linkerd-sp-validator,linkerd,linkerd-sp-validator-6d989499d7-ch5hx,6d989499d7,linkerd-sp-validator,linkerd-sp-validator.linkerd.serviceaccount.identity.linkerd.cluster.local
1612451205.185,response_latency_ms_count,,,10.1.2.28:4191,linkerd-proxy,linkerd,,linkerd-prometheus-7cc868fc59-82qll,,699,,,,,linkerd-prometheus,prometheus,linkerd,outbound,,7cc868fc59,200,true,linkerd,10.1.2.24:4191,,linkerd,linkerd-sp-validator,linkerd,linkerd-sp-validator-6d989499d7-ch5hx,6d989499d7,linkerd-sp-validator,linkerd-sp-validator.linkerd.serviceaccount.identity.linkerd.cluster.local
1612451215.186,response_latency_ms_count,,,10.1.2.28:4191,linkerd-proxy,linkerd,,linkerd-prometheus-7cc868fc59-82qll,,700,,,,,linkerd-prometheus,prometheus,linkerd,outbound,,7cc868fc59,200,true,linkerd,10.1.2.24:4191,,linkerd,linkerd-sp-validator,linkerd,linkerd-sp-validator-6d989499d7-ch5hx,6d989499d7,linkerd-sp-validator,linkerd-sp-validator.linkerd.serviceaccount.identity.linkerd.cluster.local
1612451225.185,response_latency_ms_count,,,10.1.2.28:4191,linkerd-proxy,linkerd,,linkerd-prometheus-7cc868fc59-82qll,,701,,,,,linkerd-prometheus,prometheus,linkerd,outbound,,7cc868fc59,200,true,linkerd,10.1.2.24:4191,,linkerd,linkerd-sp-validator,linkerd,linkerd-sp-validator-6d989499d7-ch5hx,6d989499d7,linkerd-sp-validator,linkerd-sp-validator.linkerd.serviceaccount.identity.linkerd.cluster.local
1612451235.185,response_latency_ms_count,,,10.1.2.28:4191,linkerd-proxy,linkerd,,linkerd-prometheus-7cc868fc59-82qll,,702,,,,,linkerd-prometheus,prometheus,linkerd,outbound,,7cc868fc59,200,true,linkerd,10.1.2.24:4191,,linkerd,linkerd-sp-validator,linkerd,linkerd-sp-validator-6d989499d7-ch5hx,6d989499d7,linkerd-sp-validator,linkerd-sp-validator.linkerd.serviceaccount.identity.linkerd.cluster.local
1612451245.185,response_latency_ms_count,,,10.1.2.28:4191,linkerd-proxy,linkerd,,linkerd-prometheus-7cc868fc59-82qll,,703,,,,,linkerd-prometheus,prometheus,linkerd,outbound,,7cc868fc59,200,true,linkerd,10.1.2.24:4191,,linkerd,linkerd-sp-validator,linkerd,linkerd-sp-validator-6d989499d7-ch5hx,6d989499d7,linkerd-sp-validator,linkerd-sp-validator.linkerd.serviceaccount.identity.linkerd.cluster.local
1612451255.185,response_latency_ms_count,,,10.1.2.28:4191,linkerd-proxy,linkerd,,linkerd-prometheus-7cc868fc59-82qll,,704,,,,,linkerd-prometheus,prometheus,linkerd,outbound,,7cc868fc59,200,true,linkerd,10.1.2.24:4191,,linkerd,linkerd-sp-validator,linkerd,linkerd-sp-validator-6d989499d7-ch5hx,6d989499d7,linkerd-sp-validator,linkerd-sp-validator.linkerd.serviceaccount.identity.linkerd.cluster.local
1612451265.185,response_latency_ms_count,,,10.1.2.28:4191,linkerd-proxy,linkerd,,linkerd-prometheus-7cc868fc59-82qll,,705,,,,,linkerd-prometheus,prometheus,linkerd,outbound,,7cc868fc59,200,true,linkerd,10.1.2.24:4191,,linkerd,linkerd-sp-validator,linkerd,linkerd-sp-validator-6d989499d7-ch5hx,6d989499d7,linkerd-sp-validator,linkerd-sp-validator.linkerd.serviceaccount.identity.linkerd.cluster.local
1612451275.185,response_latency_ms_count,,,10.1.2.28:4191,linkerd-proxy,linkerd,,linkerd-prometheus-7cc868fc59-82qll,,706,,,,,linkerd-prometheus,prometheus,linkerd,outbound,,7cc868fc59,200,true,linkerd,10.1.2.24:4191,,linkerd,linkerd-sp-validator,linkerd,linkerd-sp-validator-6d989499d7-ch5hx,6d989499d7,linkerd-sp-validator,linkerd-sp-validator.linkerd.serviceaccount.identity.linkerd.cluster.local
1612451285.185,response_latency_ms_count,,,10.1.2.28:4191,linkerd-proxy,linkerd,,linkerd-prometheus-7cc868fc59-82qll,,707,,,,,linkerd-prometheus,prometheus,linkerd,outbound,,7cc868fc59,200,true,linkerd,10.1.2.24:4191,,linkerd,linkerd-sp-validator,linkerd,linkerd-sp-validator-6d989499d7-ch5hx,6d989499d7,linkerd-sp-validator,linkerd-sp-validator.linkerd.serviceaccount.identity.linkerd.cluster.local
1612451295.185,response_latency_ms_count,,,10.1.2.28:4191,linkerd-proxy,linkerd,,linkerd-prometheus-7cc868fc59-82qll,,708,,,,,linkerd-prometheus,prometheus,linkerd,outbound,,7cc868fc59,200,true,linkerd,10.1.2.24:4191,,linkerd,linkerd-sp-validator,linkerd,linkerd-sp-validator-6d989499d7-ch5hx,6d989499d7,linkerd-sp-validator,linkerd-sp-validator.linkerd.serviceaccount.identity.linkerd.cluster.local
1612451305.185,response_latency_ms_count,,,10.1.2.28:4191,linkerd-proxy,linkerd,,linkerd-prometheus-7cc868fc59-82qll,,709,,,,,linkerd-prometheus,prometheus,linkerd,outbound,,7cc868fc59,200,true,linkerd,10.1.2.24:4191,,linkerd,linkerd-sp-validator,linkerd,linkerd-sp-validator-6d989499d7-ch5hx,6d989499d7,linkerd-sp-validator,linkerd-sp-validator.linkerd.serviceaccount.identity.linkerd.cluster.local
1612451195.185,response_latency_ms_count,,,10.1.2.28:4191,linkerd-proxy,linkerd,,linkerd-prometheus-7cc868fc59-82qll,,698,,,,,linkerd-prometheus,prometheus,linkerd,outbound,,7cc868fc59,200,true,linkerd,10.1.2.32:4191,,linkerd,linkerd-web,linkerd,linkerd-web-5697bf7579-ptnds,5697bf7579,linkerd-web,linkerd-web.linkerd.serviceaccount.identity.linkerd.cluster.local
1612451205.185,response_latency_ms_count,,,10.1.2.28:4191,linkerd-proxy,linkerd,,linkerd-prometheus-7cc868fc59-82qll,,699,,,,,linkerd-prometheus,prometheus,linkerd,outbound,,7cc868fc59,200,true,linkerd,10.1.2.32:4191,,linkerd,linkerd-web,linkerd,linkerd-web-5697bf7579-ptnds,5697bf7579,linkerd-web,linkerd-web.linkerd.serviceaccount.identity.linkerd.cluster.local
1612451215.186,response_latency_ms_count,,,10.1.2.28:4191,linkerd-proxy,linkerd,,linkerd-prometheus-7cc868fc59-82qll,,700,,,,,linkerd-prometheus,prometheus,linkerd,outbound,,7cc868fc59,200,true,linkerd,10.1.2.32:4191,,linkerd,linkerd-web,linkerd,linkerd-web-5697bf7579-ptnds,5697bf7579,linkerd-web,linkerd-web.linkerd.serviceaccount.identity.linkerd.cluster.local
1612451225.185,response_latency_ms_count,,,10.1.2.28:4191,linkerd-proxy,linkerd,,linkerd-prometheus-7cc868fc59-82qll,,701,,,,,linkerd-prometheus,prometheus,linkerd,outbound,,7cc868fc59,200,true,linkerd,10.1.2.32:4191,,linkerd,linkerd-web,linkerd,linkerd-web-5697bf7579-ptnds,5697bf7579,linkerd-web,linkerd-web.linkerd.serviceaccount.identity.linkerd.cluster.local
1612451235.185,response_latency_ms_count,,,10.1.2.28:4191,linkerd-proxy,linkerd,,linkerd-prometheus-7cc868fc59-82qll,,702,,,,,linkerd-prometheus,prometheus,linkerd,outbound,,7cc868fc59,200,true,linkerd,10.1.2.32:4191,,linkerd,linkerd-web,linkerd,linkerd-web-5697bf7579-ptnds,5697bf7579,linkerd-web,linkerd-web.linkerd.serviceaccount.identity.linkerd.cluster.local
1612451245.185,response_latency_ms_count,,,10.1.2.28:4191,linkerd-proxy,linkerd,,linkerd-prometheus-7cc868fc59-82qll,,703,,,,,linkerd-prometheus,prometheus,linkerd,outbound,,7cc868fc59,200,true,linkerd,10.1.2.32:4191,,linkerd,linkerd-web,linkerd,linkerd-web-5697bf7579-ptnds,5697bf7579,linkerd-web,linkerd-web.linkerd.serviceaccount.identity.linkerd.cluster.local
1612451255.185,response_latency_ms_count,,,10.1.2.28:4191,linkerd-proxy,linkerd,,linkerd-prometheus-7cc868fc59-82qll,,704,,,,,linkerd-prometheus,prometheus,linkerd,outbound,,7cc868fc59,200,true,linkerd,10.1.2.32:4191,,linkerd,linkerd-web,linkerd,linkerd-web-5697bf7579-ptnds,5697bf7579,linkerd-web,linkerd-web.linkerd.serviceaccount.identity.linkerd.cluster.local
1612451265.185,response_latency_ms_count,,,10.1.2.28:4191,linkerd-proxy,linkerd,,linkerd-prometheus-7cc868fc59-82qll,,705,,,,,linkerd-prometheus,prometheus,linkerd,outbound,,7cc868fc59,200,true,linkerd,10.1.2.32:4191,,linkerd,linkerd-web,linkerd,linkerd-web-5697bf7579-ptnds,5697bf7579,linkerd-web,linkerd-web.linkerd.serviceaccount.identity.linkerd.cluster.local
1612451275.185,response_latency_ms_count,,,10.1.2.28:4191,linkerd-proxy,linkerd,,linkerd-prometheus-7cc868fc59-82qll,,706,,,,,linkerd-prometheus,prometheus,linkerd,outbound,,7cc868fc59,200,true,linkerd,10.1.2.32:4191,,linkerd,linkerd-web,linkerd,linkerd-web-5697bf7579-ptnds,5697bf7579,linkerd-web,linkerd-web.linkerd.serviceaccount.identity.linkerd.cluster.local
1612451285.185,response_latency_ms_count,,,10.1.2.28:4191,linkerd-proxy,linkerd,,linkerd-prometheus-7cc868fc59-82qll,,707,,,,,linkerd-prometheus,prometheus,linkerd,outbound,,7cc868fc59,200,true,linkerd,10.1.2.32:4191,,linkerd,linkerd-web,linkerd,linkerd-web-5697bf7579-ptnds,5697bf7579,linkerd-web,linkerd-web.linkerd.serviceaccount.identity.linkerd.cluster.local
1612451295.185,response_latency_ms_count,,,10.1.2.28:4191,linkerd-proxy,linkerd,,linkerd-prometheus-7cc868fc59-82qll,,708,,,,,linkerd-prometheus,prometheus,linkerd,outbound,,7cc868fc59,200,true,linkerd,10.1.2.32:4191,,linkerd,linkerd-web,linkerd,linkerd-web-5697bf7579-ptnds,5697bf7579,linkerd-web,linkerd-web.linkerd.serviceaccount.identity.linkerd.cluster.local
1612451305.185,response_latency_ms_count,,,10.1.2.28:4191,linkerd-proxy,linkerd,,linkerd-prometheus-7cc868fc59-82qll,,709,,,,,linkerd-prometheus,prometheus,linkerd,outbound,,7cc868fc59,200,true,linkerd,10.1.2.32:4191,,linkerd,linkerd-web,linkerd,linkerd-web-5697bf7579-ptnds,5697bf7579,linkerd-web,linkerd-web.linkerd.serviceaccount.identity.linkerd.cluster.local
1612451195.185,response_latency_ms_count,,,10.1.2.28:4191,linkerd-proxy,linkerd,,linkerd-prometheus-7cc868fc59-82qll,,698,,,,,linkerd-prometheus,prometheus,linkerd,outbound,,7cc868fc59,200,true,linkerd,10.1.2.30:4191,,linkerd,linkerd-grafana,linkerd,linkerd-grafana-5dc6c885c4-8kr4l,5dc6c885c4,linkerd-grafana,linkerd-grafana.linkerd.serviceaccount.identity.linkerd.cluster.local
1612451205.185,response_latency_ms_count,,,10.1.2.28:4191,linkerd-proxy,linkerd,,linkerd-prometheus-7cc868fc59-82qll,,699,,,,,linkerd-prometheus,prometheus,linkerd,outbound,,7cc868fc59,200,true,linkerd,10.1.2.30:4191,,linkerd,linkerd-grafana,linkerd,linkerd-grafana-5dc6c885c4-8kr4l,5dc6c885c4,linkerd-grafana,linkerd-grafana.linkerd.serviceaccount.identity.linkerd.cluster.local
1612451215.186,response_latency_ms_count,,,10.1.2.28:4191,linkerd-proxy,linkerd,,linkerd-prometheus-7cc868fc59-82qll,,700,,,,,linkerd-prometheus,prometheus,linkerd,outbound,,7cc868fc59,200,true,linkerd,10.1.2.30:4191,,linkerd,linkerd-grafana,linkerd,linkerd-grafana-5dc6c885c4-8kr4l,5dc6c885c4,linkerd-grafana,linkerd-grafana.linkerd.serviceaccount.identity.linkerd.cluster.local
1612451225.185,response_latency_ms_count,,,10.1.2.28:4191,linkerd-proxy,linkerd,,linkerd-prometheus-7cc868fc59-82qll,,701,,,,,linkerd-prometheus,prometheus,linkerd,outbound,,7cc868fc59,200,true,linkerd,10.1.2.30:4191,,linkerd,linkerd-grafana,linkerd,linkerd-grafana-5dc6c885c4-8kr4l,5dc6c885c4,linkerd-grafana,linkerd-grafana.linkerd.serviceaccount.identity.linkerd.cluster.local
1612451235.185,response_latency_ms_count,,,10.1.2.28:4191,linkerd-proxy,linkerd,,linkerd-prometheus-7cc868fc59-82qll,,702,,,,,linkerd-prometheus,prometheus,linkerd,outbound,,7cc868fc59,200,true,linkerd,10.1.2.30:4191,,linkerd,linkerd-grafana,linkerd,linkerd-grafana-5dc6c885c4-8kr4l,5dc6c885c4,linkerd-grafana,linkerd-grafana.linkerd.serviceaccount.identity.linkerd.cluster.local
1612451245.185,response_latency_ms_count,,,10.1.2.28:4191,linkerd-proxy,linkerd,,linkerd-prometheus-7cc868fc59-82qll,,703,,,,,linkerd-prometheus,prometheus,linkerd,outbound,,7cc868fc59,200,true,linkerd,10.1.2.30:4191,,linkerd,linkerd-grafana,linkerd,linkerd-grafana-5dc6c885c4-8kr4l,5dc6c885c4,linkerd-grafana,linkerd-grafana.linkerd.serviceaccount.identity.linkerd.cluster.local
1612451255.185,response_latency_ms_count,,,10.1.2.28:4191,linkerd-proxy,linkerd,,linkerd-prometheus-7cc868fc59-82qll,,704,,,,,linkerd-prometheus,prometheus,linkerd,outbound,,7cc868fc59,200,true,linkerd,10.1.2.30:4191,,linkerd,linkerd-grafana,linkerd,linkerd-grafana-5dc6c885c4-8kr4l,5dc6c885c4,linkerd-grafana,linkerd-grafana.linkerd.serviceaccount.identity.linkerd.cluster.local
1612451265.185,response_latency_ms_count,,,10.1.2.28:4191,linkerd-proxy,linkerd,,linkerd-prometheus-7cc868fc59-82qll,,705,,,,,linkerd-prometheus,prometheus,linkerd,outbound,,7cc868fc59,200,true,linkerd,10.1.2.30:4191,,linkerd,linkerd-grafana,linkerd,linkerd-grafana-5dc6c885c4-8kr4l,5dc6c885c4,linkerd-grafana,linkerd-grafana.linkerd.serviceaccount.identity.linkerd.cluster.local
1612451275.185,response_latency_ms_count,,,10.1.2.28:4191,linkerd-proxy,linkerd,,linkerd-prometheus-7cc868fc59-82qll,,706,,,,,linkerd-prometheus,prometheus,linkerd,outbound,,7cc868fc59,200,true,linkerd,10.1.2.30:4191,,linkerd,linkerd-grafana,linkerd,linkerd-grafana-5dc6c885c4-8kr4l,5dc6c885c4,linkerd-grafana,linkerd-grafana.linkerd.serviceaccount.identity.linkerd.cluster.local
1612451285.185,response_latency_ms_count,,,10.1.2.28:4191,linkerd-proxy,linkerd,,linkerd-prometheus-7cc868fc59-82qll,,707,,,,,linkerd-prometheus,prometheus,linkerd,outbound,,7cc868fc59,200,true,linkerd,10.1.2.30:4191,,linkerd,linkerd-grafana,linkerd,linkerd-grafana-5dc6c885c4-8kr4l,5dc6c885c4,linkerd-grafana,linkerd-grafana.linkerd.serviceaccount.identity.linkerd.cluster.local
1612451295.185,response_latency_ms_count,,,10.1.2.28:4191,linkerd-proxy,linkerd,,linkerd-prometheus-7cc868fc59-82qll,,708,,,,,linkerd-prometheus,prometheus,linkerd,outbound,,7cc868fc59,200,true,linkerd,10.1.2.30:4191,,linkerd,linkerd-grafana,linkerd,linkerd-grafana-5dc6c885c4-8kr4l,5dc6c885c4,linkerd-grafana,linkerd-grafana.linkerd.serviceaccount.identity.linkerd.cluster.local
1612451305.185,response_latency_ms_count,,,10.1.2.28:4191,linkerd-proxy,linkerd,,linkerd-prometheus-7cc868fc59-82qll,,709,,,,,linkerd-prometheus,prometheus,linkerd,outbound,,7cc868fc59,200,true,linkerd,10.1.2.30:4191,,linkerd,linkerd-grafana,linkerd,linkerd-grafana-5dc6c885c4-8kr4l,5dc6c885c4,linkerd-grafana,linkerd-grafana.linkerd.serviceaccount.identity.linkerd.cluster.local
1612451195.185,response_latency_ms_count,,,10.1.2.28:4191,linkerd-proxy,linkerd,,linkerd-prometheus-7cc868fc59-82qll,,698,,,,,linkerd-prometheus,prometheus,linkerd,outbound,,7cc868fc59,200,true,linkerd,10.1.2.31:4191,,linkerd,linkerd-identity,linkerd,linkerd-identity-59b578f747-7dldl,59b578f747,linkerd-identity,linkerd-identity.linkerd.serviceaccount.identity.linkerd.cluster.local
1612451205.185,response_latency_ms_count,,,10.1.2.28:4191,linkerd-proxy,linkerd,,linkerd-prometheus-7cc868fc59-82qll,,699,,,,,linkerd-prometheus,prometheus,linkerd,outbound,,7cc868fc59,200,true,linkerd,10.1.2.31:4191,,linkerd,linkerd-identity,linkerd,linkerd-identity-59b578f747-7dldl,59b578f747,linkerd-identity,linkerd-identity.linkerd.serviceaccount.identity.linkerd.cluster.local
1612451215.186,response_latency_ms_count,,,10.1.2.28:4191,linkerd-proxy,linkerd,,linkerd-prometheus-7cc868fc59-82qll,,700,,,,,linkerd-prometheus,prometheus,linkerd,outbound,,7cc868fc59,200,true,linkerd,10.1.2.31:4191,,linkerd,linkerd-identity,linkerd,linkerd-identity-59b578f747-7dldl,59b578f747,linkerd-identity,linkerd-identity.linkerd.serviceaccount.identity.linkerd.cluster.local
1612451225.185,response_latency_ms_count,,,10.1.2.28:4191,linkerd-proxy,linkerd,,linkerd-prometheus-7cc868fc59-82qll,,701,,,,,linkerd-prometheus,prometheus,linkerd,outbound,,7cc868fc59,200,true,linkerd,10.1.2.31:4191,,linkerd,linkerd-identity,linkerd,linkerd-identity-59b578f747-7dldl,59b578f747,linkerd-identity,linkerd-identity.linkerd.serviceaccount.identity.linkerd.cluster.local
1612451235.185,response_latency_ms_count,,,10.1.2.28:4191,linkerd-proxy,linkerd,,linkerd-prometheus-7cc868fc59-82qll,,702,,,,,linkerd-prometheus,prometheus,linkerd,outbound,,7cc868fc59,200,true,linkerd,10.1.2.31:4191,,linkerd,linkerd-identity,linkerd,linkerd-identity-59b578f747-7dldl,59b578f747,linkerd-identity,linkerd-identity.linkerd.serviceaccount.identity.linkerd.cluster.local
1612451245.185,response_latency_ms_count,,,10.1.2.28:4191,linkerd-proxy,linkerd,,linkerd-prometheus-7cc868fc59-82qll,,703,,,,,linkerd-prometheus,prometheus,linkerd,outbound,,7cc868fc59,200,true,linkerd,10.1.2.31:4191,,linkerd,linkerd-identity,linkerd,linkerd-identity-59b578f747-7dldl,59b578f747,linkerd-identity,linkerd-identity.linkerd.serviceaccount.identity.linkerd.cluster.local
1612451255.185,response_latency_ms_count,,,10.1.2.28:4191,linkerd-proxy,linkerd,,linkerd-prometheus-7cc868fc59-82qll,,704,,,,,linkerd-prometheus,prometheus,linkerd,outbound,,7cc868fc59,200,true,linkerd,10.1.2.31:4191,,linkerd,linkerd-identity,linkerd,linkerd-identity-59b578f747-7dldl,59b578f747,linkerd-identity,linkerd-identity.linkerd.serviceaccount.identity.linkerd.cluster.local
1612451265.185,response_latency_ms_count,,,10.1.2.28:4191,linkerd-proxy,linkerd,,linkerd-prometheus-7cc868fc59-82qll,,705,,,,,linkerd-prometheus,prometheus,linkerd,outbound,,7cc868fc59,200,true,linkerd,10.1.2.31:4191,,linkerd,linkerd-identity,linkerd,linkerd-identity-59b578f747-7dldl,59b578f747,linkerd-identity,linkerd-identity.linkerd.serviceaccount.identity.linkerd.cluster.local
1612451275.185,response_latency_ms_count,,,10.1.2.28:4191,linkerd-proxy,linkerd,,linkerd-prometheus-7cc868fc59-82qll,,706,,,,,linkerd-prometheus,prometheus,linkerd,outbound,,7cc868fc59,200,true,linkerd,10.1.2.31:4191,,linkerd,linkerd-identity,linkerd,linkerd-identity-59b578f747-7dldl,59b578f747,linkerd-identity,linkerd-identity.linkerd.serviceaccount.identity.linkerd.cluster.local
1612451285.185,response_latency_ms_count,,,10.1.2.28:4191,linkerd-proxy,linkerd,,linkerd-prometheus-7cc868fc59-82qll,,707,,,,,linkerd-prometheus,prometheus,linkerd,outbound,,7cc868fc59,200,true,linkerd,10.1.2.31:4191,,linkerd,linkerd-identity,linkerd,linkerd-identity-59b578f747-7dldl,59b578f747,linkerd-identity,linkerd-identity.linkerd.serviceaccount.identity.linkerd.cluster.local
1612451295.185,response_latency_ms_count,,,10.1.2.28:4191,linkerd-proxy,linkerd,,linkerd-prometheus-7cc868fc59-82qll,,708,,,,,linkerd-prometheus,prometheus,linkerd,outbound,,7cc868fc59,200,true,linkerd,10.1.2.31:4191,,linkerd,linkerd-identity,linkerd,linkerd-identity-59b578f747-7dldl,59b578f747,linkerd-identity,linkerd-identity.linkerd.serviceaccount.identity.linkerd.cluster.local
1612451305.185,response_latency_ms_count,,,10.1.2.28:4191,linkerd-proxy,linkerd,,linkerd-prometheus-7cc868fc59-82qll,,709,,,,,linkerd-prometheus,prometheus,linkerd,outbound,,7cc868fc59,200,true,linkerd,10.1.2.31:4191,,linkerd,linkerd-identity,linkerd,linkerd-identity-59b578f747-7dldl,59b578f747,linkerd-identity,linkerd-identity.linkerd.serviceaccount.identity.linkerd.cluster.local
1612451195.185,response_latency_ms_count,,,10.1.2.28:4191,linkerd-proxy,linkerd,,linkerd-prometheus-7cc868fc59-82qll,,698,,,,,linkerd-prometheus,prometheus,linkerd,outbound,,7cc868fc59,200,true,linkerd,10.1.2.24:9997,,linkerd,linkerd-sp-validator,linkerd,linkerd-sp-validator-6d989499d7-ch5hx,6d989499d7,linkerd-sp-validator,linkerd-sp-validator.linkerd.serviceaccount.identity.linkerd.cluster.local
1612451205.185,response_latency_ms_count,,,10.1.2.28:4191,linkerd-proxy,linkerd,,linkerd-prometheus-7cc868fc59-82qll,,699,,,,,linkerd-prometheus,prometheus,linkerd,outbound,,7cc868fc59,200,true,linkerd,10.1.2.24:9997,,linkerd,linkerd-sp-validator,linkerd,linkerd-sp-validator-6d989499d7-ch5hx,6d989499d7,linkerd-sp-validator,linkerd-sp-validator.linkerd.serviceaccount.identity.linkerd.cluster.local
1612451215.186,response_latency_ms_count,,,10.1.2.28:4191,linkerd-proxy,linkerd,,linkerd-prometheus-7cc868fc59-82qll,,700,,,,,linkerd-prometheus,prometheus,linkerd,outbound,,7cc868fc59,200,true,linkerd,10.1.2.24:9997,,linkerd,linkerd-sp-validator,linkerd,linkerd-sp-validator-6d989499d7-ch5hx,6d989499d7,linkerd-sp-validator,linkerd-sp-validator.linkerd.serviceaccount.identity.linkerd.cluster.local
1612451225.185,response_latency_ms_count,,,10.1.2.28:4191,linkerd-proxy,linkerd,,linkerd-prometheus-7cc868fc59-82qll,,701,,,,,linkerd-prometheus,prometheus,linkerd,outbound,,7cc868fc59,200,true,linkerd,10.1.2.24:9997,,linkerd,linkerd-sp-validator,linkerd,linkerd-sp-validator-6d989499d7-ch5hx,6d989499d7,linkerd-sp-validator,linkerd-sp-validator.linkerd.serviceaccount.identity.linkerd.cluster.local
1612451235.185,response_latency_ms_count,,,10.1.2.28:4191,linkerd-proxy,linkerd,,linkerd-prometheus-7cc868fc59-82qll,,702,,,,,linkerd-prometheus,prometheus,linkerd,outbound,,7cc868fc59,200,true,linkerd,10.1.2.24:9997,,linkerd,linkerd-sp-validator,linkerd,linkerd-sp-validator-6d989499d7-ch5hx,6d989499d7,linkerd-sp-validator,linkerd-sp-validator.linkerd.serviceaccount.identity.linkerd.cluster.local
1612451245.185,response_latency_ms_count,,,10.1.2.28:4191,linkerd-proxy,linkerd,,linkerd-prometheus-7cc868fc59-82qll,,703,,,,,linkerd-prometheus,prometheus,linkerd,outbound,,7cc868fc59,200,true,linkerd,10.1.2.24:9997,,linkerd,linkerd-sp-validator,linkerd,linkerd-sp-validator-6d989499d7-ch5hx,6d989499d7,linkerd-sp-validator,linkerd-sp-validator.linkerd.serviceaccount.identity.linkerd.cluster.local
1612451255.185,response_latency_ms_count,,,10.1.2.28:4191,linkerd-proxy,linkerd,,linkerd-prometheus-7cc868fc59-82qll,,704,,,,,linkerd-prometheus,prometheus,linkerd,outbound,,7cc868fc59,200,true,linkerd,10.1.2.24:9997,,linkerd,linkerd-sp-validator,linkerd,linkerd-sp-validator-6d989499d7-ch5hx,6d989499d7,linkerd-sp-validator,linkerd-sp-validator.linkerd.serviceaccount.identity.linkerd.cluster.local
1612451265.185,response_latency_ms_count,,,10.1.2.28:4191,linkerd-proxy,linkerd,,linkerd-prometheus-7cc868fc59-82qll,,705,,,,,linkerd-prometheus,prometheus,linkerd,outbound,,7cc868fc59,200,true,linkerd,10.1.2.24:9997,,linkerd,linkerd-sp-validator,linkerd,linkerd-sp-validator-6d989499d7-ch5hx,6d989499d7,linkerd-sp-validator,linkerd-sp-validator.linkerd.serviceaccount.identity.linkerd.cluster.local
1612451275.185,response_latency_ms_count,,,10.1.2.28:4191,linkerd-proxy,linkerd,,linkerd-prometheus-7cc868fc59-82qll,,706,,,,,linkerd-prometheus,prometheus,linkerd,outbound,,7cc868fc59,200,true,linkerd,10.1.2.24:9997,,linkerd,linkerd-sp-validator,linkerd,linkerd-sp-validator-6d989499d7-ch5hx,6d989499d7,linkerd-sp-validator,linkerd-sp-validator.linkerd.serviceaccount.identity.linkerd.cluster.local
1612451285.185,response_latency_ms_count,,,10.1.2.28:4191,linkerd-proxy,linkerd,,linkerd-prometheus-7cc868fc59-82qll,,707,,,,,linkerd-prometheus,prometheus,linkerd,outbound,,7cc868fc59,200,true,linkerd,10.1.2.24:9997,,linkerd,linkerd-sp-validator,linkerd,linkerd-sp-validator-6d989499d7-ch5hx,6d989499d7,linkerd-sp-validator,linkerd-sp-validator.linkerd.serviceaccount.identity.linkerd.cluster.local
1612451295.185,response_latency_ms_count,,,10.1.2.28:4191,linkerd-proxy,linkerd,,linkerd-prometheus-7cc868fc59-82qll,,708,,,,,linkerd-prometheus,prometheus,linkerd,outbound,,7cc868fc59,200,true,linkerd,10.1.2.24:9997,,linkerd,linkerd-sp-validator,linkerd,linkerd-sp-validator-6d989499d7-ch5hx,6d989499d7,linkerd-sp-validator,linkerd-sp-validator.linkerd.serviceaccount.identity.linkerd.cluster.local
1612451305.185,response_latency_ms_count,,,10.1.2.28:4191,linkerd-proxy,linkerd,,linkerd-prometheus-7cc868fc59-82qll,,709,,,,,linkerd-prometheus,prometheus,linkerd,outbound,,7cc868fc59,200,true,linkerd,10.1.2.24:9997,,linkerd,linkerd-sp-validator,linkerd,linkerd-sp-validator-6d989499d7-ch5hx,6d989499d7,linkerd-sp-validator,linkerd-sp-validator.linkerd.serviceaccount.identity.linkerd.cluster.local
1612451195.185,response_latency_ms_count,,,10.1.2.28:4191,linkerd-proxy,linkerd,,linkerd-prometheus-7cc868fc59-82qll,,698,,,,,linkerd-prometheus,prometheus,linkerd,outbound,,7cc868fc59,200,true,linkerd,10.1.2.32:9994,,linkerd,linkerd-web,linkerd,linkerd-web-5697bf7579-ptnds,5697bf7579,linkerd-web,linkerd-web.linkerd.serviceaccount.identity.linkerd.cluster.local
1612451205.185,response_latency_ms_count,,,10.1.2.28:4191,linkerd-proxy,linkerd,,linkerd-prometheus-7cc868fc59-82qll,,699,,,,,linkerd-prometheus,prometheus,linkerd,outbound,,7cc868fc59,200,true,linkerd,10.1.2.32:9994,,linkerd,linkerd-web,linkerd,linkerd-web-5697bf7579-ptnds,5697bf7579,linkerd-web,linkerd-web.linkerd.serviceaccount.identity.linkerd.cluster.local
1612451215.186,response_latency_ms_count,,,10.1.2.28:4191,linkerd-proxy,linkerd,,linkerd-prometheus-7cc868fc59-82qll,,700,,,,,linkerd-prometheus,prometheus,linkerd,outbound,,7cc868fc59,200,true,linkerd,10.1.2.32:9994,,linkerd,linkerd-web,linkerd,linkerd-web-5697bf7579-ptnds,5697bf7579,linkerd-web,linkerd-web.linkerd.serviceaccount.identity.linkerd.cluster.local
1612451225.185,response_latency_ms_count,,,10.1.2.28:4191,linkerd-proxy,linkerd,,linkerd-prometheus-7cc868fc59-82qll,,701,,,,,linkerd-prometheus,prometheus,linkerd,outbound,,7cc868fc59,200,true,linkerd,10.1.2.32:9994,,linkerd,linkerd-web,linkerd,linkerd-web-5697bf7579-ptnds,5697bf7579,linkerd-web,linkerd-web.linkerd.serviceaccount.identity.linkerd.cluster.local
1612451235.185,response_latency_ms_count,,,10.1.2.28:4191,linkerd-proxy,linkerd,,linkerd-prometheus-7cc868fc59-82qll,,702,,,,,linkerd-prometheus,prometheus,linkerd,outbound,,7cc868fc59,200,true,linkerd,10.1.2.32:9994,,linkerd,linkerd-web,linkerd,linkerd-web-5697bf7579-ptnds,5697bf7579,linkerd-web,linkerd-web.linkerd.serviceaccount.identity.linkerd.cluster.local
1612451245.185,response_latency_ms_count,,,10.1.2.28:4191,linkerd-proxy,linkerd,,linkerd-prometheus-7cc868fc59-82qll,,703,,,,,linkerd-prometheus,prometheus,linkerd,outbound,,7cc868fc59,200,true,linkerd,10.1.2.32:9994,,linkerd,linkerd-web,linkerd,linkerd-web-5697bf7579-ptnds,5697bf7579,linkerd-web,linkerd-web.linkerd.serviceaccount.identity.linkerd.cluster.local
1612451255.185,response_latency_ms_count,,,10.1.2.28:4191,linkerd-proxy,linkerd,,linkerd-prometheus-7cc868fc59-82qll,,704,,,,,linkerd-prometheus,prometheus,linkerd,outbound,,7cc868fc59,200,true,linkerd,10.1.2.32:9994,,linkerd,linkerd-web,linkerd,linkerd-web-5697bf7579-ptnds,5697bf7579,linkerd-web,linkerd-web.linkerd.serviceaccount.identity.linkerd.cluster.local
1612451265.185,response_latency_ms_count,,,10.1.2.28:4191,linkerd-proxy,linkerd,,linkerd-prometheus-7cc868fc59-82qll,,705,,,,,linkerd-prometheus,prometheus,linkerd,outbound,,7cc868fc59,200,true,linkerd,10.1.2.32:9994,,linkerd,linkerd-web,linkerd,linkerd-web-5697bf7579-ptnds,5697bf7579,linkerd-web,linkerd-web.linkerd.serviceaccount.identity.linkerd.cluster.local
1612451275.185,response_latency_ms_count,,,10.1.2.28:4191,linkerd-proxy,linkerd,,linkerd-prometheus-7cc868fc59-82qll,,706,,,,,linkerd-prometheus,prometheus,linkerd,outbound,,7cc868fc59,200,true,linkerd,10.1.2.32:9994,,linkerd,linkerd-web,linkerd,linkerd-web-5697bf7579-ptnds,5697bf7579,linkerd-web,linkerd-web.linkerd.serviceaccount.identity.linkerd.cluster.local
1612451285.185,response_latency_ms_count,,,10.1.2.28:4191,linkerd-proxy,linkerd,,linkerd-prometheus-7cc868fc59-82qll,,707,,,,,linkerd-prometheus,prometheus,linkerd,outbound,,7cc868fc59,200,true,linkerd,10.1.2.32:9994,,linkerd,linkerd-web,linkerd,linkerd-web-5697bf7579-ptnds,5697bf7579,linkerd-web,linkerd-web.linkerd.serviceaccount.identity.linkerd.cluster.local
1612451295.185,response_latency_ms_count,,,10.1.2.28:4191,linkerd-proxy,linkerd,,linkerd-prometheus-7cc868fc59-82qll,,708,,,,,linkerd-prometheus,prometheus,linkerd,outbound,,7cc868fc59,200,true,linkerd,10.1.2.32:9994,,linkerd,linkerd-web,linkerd,linkerd-web-5697bf7579-ptnds,5697bf7579,linkerd-web,linkerd-web.linkerd.serviceaccount.identity.linkerd.cluster.local
1612451305.185,response_latency_ms_count,,,10.1.2.28:4191,linkerd-proxy,linkerd,,linkerd-prometheus-7cc868fc59-82qll,,709,,,,,linkerd-prometheus,prometheus,linkerd,outbound,,7cc868fc59,200,true,linkerd,10.1.2.32:9994,,linkerd,linkerd-web,linkerd,linkerd-web-5697bf7579-ptnds,5697bf7579,linkerd-web,linkerd-web.linkerd.serviceaccount.identity.linkerd.cluster.local
1612451195.185,response_latency_ms_count,,,10.1.2.28:4191,linkerd-proxy,linkerd,,linkerd-prometheus-7cc868fc59-82qll,,698,,,,,linkerd-prometheus,prometheus,linkerd,outbound,,7cc868fc59,200,true,linkerd,10.1.2.25:9995,,linkerd,linkerd-controller,linkerd,linkerd-controller-6f4c8f48c8-2t5rq,6f4c8f48c8,linkerd-controller,linkerd-controller.linkerd.serviceaccount.identity.linkerd.cluster.local
1612451205.185,response_latency_ms_count,,,10.1.2.28:4191,linkerd-proxy,linkerd,,linkerd-prometheus-7cc868fc59-82qll,,699,,,,,linkerd-prometheus,prometheus,linkerd,outbound,,7cc868fc59,200,true,linkerd,10.1.2.25:9995,,linkerd,linkerd-controller,linkerd,linkerd-controller-6f4c8f48c8-2t5rq,6f4c8f48c8,linkerd-controller,linkerd-controller.linkerd.serviceaccount.identity.linkerd.cluster.local
1612451215.186,response_latency_ms_count,,,10.1.2.28:4191,linkerd-proxy,linkerd,,linkerd-prometheus-7cc868fc59-82qll,,700,,,,,linkerd-prometheus,prometheus,linkerd,outbound,,7cc868fc59,200,true,linkerd,10.1.2.25:9995,,linkerd,linkerd-controller,linkerd,linkerd-controller-6f4c8f48c8-2t5rq,6f4c8f48c8,linkerd-controller,linkerd-controller.linkerd.serviceaccount.identity.linkerd.cluster.local
1612451225.185,response_latency_ms_count,,,10.1.2.28:4191,linkerd-proxy,linkerd,,linkerd-prometheus-7cc868fc59-82qll,,701,,,,,linkerd-prometheus,prometheus,linkerd,outbound,,7cc868fc59,200,true,linkerd,10.1.2.25:9995,,linkerd,linkerd-controller,linkerd,linkerd-controller-6f4c8f48c8-2t5rq,6f4c8f48c8,linkerd-controller,linkerd-controller.linkerd.serviceaccount.identity.linkerd.cluster.local
1612451235.185,response_latency_ms_count,,,10.1.2.28:4191,linkerd-proxy,linkerd,,linkerd-prometheus-7cc868fc59-82qll,,702,,,,,linkerd-prometheus,prometheus,linkerd,outbound,,7cc868fc59,200,true,linkerd,10.1.2.25:9995,,linkerd,linkerd-controller,linkerd,linkerd-controller-6f4c8f48c8-2t5rq,6f4c8f48c8,linkerd-controller,linkerd-controller.linkerd.serviceaccount.identity.linkerd.cluster.local
1612451245.185,response_latency_ms_count,,,10.1.2.28:4191,linkerd-proxy,linkerd,,linkerd-prometheus-7cc868fc59-82qll,,703,,,,,linkerd-prometheus,prometheus,linkerd,outbound,,7cc868fc59,200,true,linkerd,10.1.2.25:9995,,linkerd,linkerd-controller,linkerd,linkerd-controller-6f4c8f48c8-2t5rq,6f4c8f48c8,linkerd-controller,linkerd-controller.linkerd.serviceaccount.identity.linkerd.cluster.local
1612451255.185,response_latency_ms_count,,,10.1.2.28:4191,linkerd-proxy,linkerd,,linkerd-prometheus-7cc868fc59-82qll,,704,,,,,linkerd-prometheus,prometheus,linkerd,outbound,,7cc868fc59,200,true,linkerd,10.1.2.25:9995,,linkerd,linkerd-controller,linkerd,linkerd-controller-6f4c8f48c8-2t5rq,6f4c8f48c8,linkerd-controller,linkerd-controller.linkerd.serviceaccount.identity.linkerd.cluster.local
1612451265.185,response_latency_ms_count,,,10.1.2.28:4191,linkerd-proxy,linkerd,,linkerd-prometheus-7cc868fc59-82qll,,705,,,,,linkerd-prometheus,prometheus,linkerd,outbound,,7cc868fc59,200,true,linkerd,10.1.2.25:9995,,linkerd,linkerd-controller,linkerd,linkerd-controller-6f4c8f48c8-2t5rq,6f4c8f48c8,linkerd-controller,linkerd-controller.linkerd.serviceaccount.identity.linkerd.cluster.local
1612451275.185,response_latency_ms_count,,,10.1.2.28:4191,linkerd-proxy,linkerd,,linkerd-prometheus-7cc868fc59-82qll,,706,,,,,linkerd-prometheus,prometheus,linkerd,outbound,,7cc868fc59,200,true,linkerd,10.1.2.25:9995,,linkerd,linkerd-controller,linkerd,linkerd-controller-6f4c8f48c8-2t5rq,6f4c8f48c8,linkerd-controller,linkerd-controller.linkerd.serviceaccount.identity.linkerd.cluster.local
1612451285.185,response_latency_ms_count,,,10.1.2.28:4191,linkerd-proxy,linkerd,,linkerd-prometheus-7cc868fc59-82qll,,707,,,,,linkerd-prometheus,prometheus,linkerd,outbound,,7cc868fc59,200,true,linkerd,10.1.2.25:9995,,linkerd,linkerd-controller,linkerd,linkerd-controller-6f4c8f48c8-2t5rq,6f4c8f48c8,linkerd-controller,linkerd-controller.linkerd.serviceaccount.identity.linkerd.cluster.local
1612451295.185,response_latency_ms_count,,,10.1.2.28:4191,linkerd-proxy,linkerd,,linkerd-prometheus-7cc868fc59-82qll,,708,,,,,linkerd-prometheus,prometheus,linkerd,outbound,,7cc868fc59,200,true,linkerd,10.1.2.25:9995,,linkerd,linkerd-controller,linkerd,linkerd-controller-6f4c8f48c8-2t5rq,6f4c8f48c8,linkerd-controller,linkerd-controller.linkerd.serviceaccount.identity.linkerd.cluster.local
1612451305.185,response_latency_ms_count,,,10.1.2.28:4191,linkerd-proxy,linkerd,,linkerd-prometheus-7cc868fc59-82qll,,709,,,,,linkerd-prometheus,prometheus,linkerd,outbound,,7cc868fc59,200,true,linkerd,10.1.2.25:9995,,linkerd,linkerd-controller,linkerd,linkerd-controller-6f4c8f48c8-2t5rq,6f4c8f48c8,linkerd-controller,linkerd-controller.linkerd.serviceaccount.identity.linkerd.cluster.local
1612451195.185,response_latency_ms_count,,,10.1.2.28:4191,linkerd-proxy,linkerd,,linkerd-prometheus-7cc868fc59-82qll,,698,,,,,linkerd-prometheus,prometheus,linkerd,outbound,,7cc868fc59,200,true,linkerd,10.1.2.25:4191,,linkerd,linkerd-controller,linkerd,linkerd-controller-6f4c8f48c8-2t5rq,6f4c8f48c8,linkerd-controller,linkerd-controller.linkerd.serviceaccount.identity.linkerd.cluster.local
1612451205.185,response_latency_ms_count,,,10.1.2.28:4191,linkerd-proxy,linkerd,,linkerd-prometheus-7cc868fc59-82qll,,699,,,,,linkerd-prometheus,prometheus,linkerd,outbound,,7cc868fc59,200,true,linkerd,10.1.2.25:4191,,linkerd,linkerd-controller,linkerd,linkerd-controller-6f4c8f48c8-2t5rq,6f4c8f48c8,linkerd-controller,linkerd-controller.linkerd.serviceaccount.identity.linkerd.cluster.local
1612451215.186,response_latency_ms_count,,,10.1.2.28:4191,linkerd-proxy,linkerd,,linkerd-prometheus-7cc868fc59-82qll,,700,,,,,linkerd-prometheus,prometheus,linkerd,outbound,,7cc868fc59,200,true,linkerd,10.1.2.25:4191,,linkerd,linkerd-controller,linkerd,linkerd-controller-6f4c8f48c8-2t5rq,6f4c8f48c8,linkerd-controller,linkerd-controller.linkerd.serviceaccount.identity.linkerd.cluster.local
1612451225.185,response_latency_ms_count,,,10.1.2.28:4191,linkerd-proxy,linkerd,,linkerd-prometheus-7cc868fc59-82qll,,701,,,,,linkerd-prometheus,prometheus,linkerd,outbound,,7cc868fc59,200,true,linkerd,10.1.2.25:4191,,linkerd,linkerd-controller,linkerd,linkerd-controller-6f4c8f48c8-2t5rq,6f4c8f48c8,linkerd-controller,linkerd-controller.linkerd.serviceaccount.identity.linkerd.cluster.local
1612451235.185,response_latency_ms_count,,,10.1.2.28:4191,linkerd-proxy,linkerd,,linkerd-prometheus-7cc868fc59-82qll,,702,,,,,linkerd-prometheus,prometheus,linkerd,outbound,,7cc868fc59,200,true,linkerd,10.1.2.25:4191,,linkerd,linkerd-controller,linkerd,linkerd-controller-6f4c8f48c8-2t5rq,6f4c8f48c8,linkerd-controller,linkerd-controller.linkerd.serviceaccount.identity.linkerd.cluster.local
1612451245.185,response_latency_ms_count,,,10.1.2.28:4191,linkerd-proxy,linkerd,,linkerd-prometheus-7cc868fc59-82qll,,703,,,,,linkerd-prometheus,prometheus,linkerd,outbound,,7cc868fc59,200,true,linkerd,10.1.2.25:4191,,linkerd,linkerd-controller,linkerd,linkerd-controller-6f4c8f48c8-2t5rq,6f4c8f48c8,linkerd-controller,linkerd-controller.linkerd.serviceaccount.identity.linkerd.cluster.local
1612451255.185,response_latency_ms_count,,,10.1.2.28:4191,linkerd-proxy,linkerd,,linkerd-prometheus-7cc868fc59-82qll,,704,,,,,linkerd-prometheus,prometheus,linkerd,outbound,,7cc868fc59,200,true,linkerd,10.1.2.25:4191,,linkerd,linkerd-controller,linkerd,linkerd-controller-6f4c8f48c8-2t5rq,6f4c8f48c8,linkerd-controller,linkerd-controller.linkerd.serviceaccount.identity.linkerd.cluster.local
1612451265.185,response_latency_ms_count,,,10.1.2.28:4191,linkerd-proxy,linkerd,,linkerd-prometheus-7cc868fc59-82qll,,705,,,,,linkerd-prometheus,prometheus,linkerd,outbound,,7cc868fc59,200,true,linkerd,10.1.2.25:4191,,linkerd,linkerd-controller,linkerd,linkerd-controller-6f4c8f48c8-2t5rq,6f4c8f48c8,linkerd-controller,linkerd-controller.linkerd.serviceaccount.identity.linkerd.cluster.local
1612451275.185,response_latency_ms_count,,,10.1.2.28:4191,linkerd-proxy,linkerd,,linkerd-prometheus-7cc868fc59-82qll,,706,,,,,linkerd-prometheus,prometheus,linkerd,outbound,,7cc868fc59,200,true,linkerd,10.1.2.25:4191,,linkerd,linkerd-controller,linkerd,linkerd-controller-6f4c8f48c8-2t5rq,6f4c8f48c8,linkerd-controller,linkerd-controller.linkerd.serviceaccount.identity.linkerd.cluster.local
1612451285.185,response_latency_ms_count,,,10.1.2.28:4191,linkerd-proxy,linkerd,,linkerd-prometheus-7cc868fc59-82qll,,707,,,,,linkerd-prometheus,prometheus,linkerd,outbound,,7cc868fc59,200,true,linkerd,10.1.2.25:4191,,linkerd,linkerd-controller,linkerd,linkerd-controller-6f4c8f48c8-2t5rq,6f4c8f48c8,linkerd-controller,linkerd-controller.linkerd.serviceaccount.identity.linkerd.cluster.local
1612451295.185,response_latency_ms_count,,,10.1.2.28:4191,linkerd-proxy,linkerd,,linkerd-prometheus-7cc868fc59-82qll,,708,,,,,linkerd-prometheus,prometheus,linkerd,outbound,,7cc868fc59,200,true,linkerd,10.1.2.25:4191,,linkerd,linkerd-controller,linkerd,linkerd-controller-6f4c8f48c8-2t5rq,6f4c8f48c8,linkerd-controller,linkerd-controller.linkerd.serviceaccount.identity.linkerd.cluster.local
1612451305.185,response_latency_ms_count,,,10.1.2.28:4191,linkerd-proxy,linkerd,,linkerd-prometheus-7cc868fc59-82qll,,709,,,,,linkerd-prometheus,prometheus,linkerd,outbound,,7cc868fc59,200,true,linkerd,10.1.2.25:4191,,linkerd,linkerd-controller,linkerd,linkerd-controller-6f4c8f48c8-2t5rq,6f4c8f48c8,linkerd-controller,linkerd-controller.linkerd.serviceaccount.identity.linkerd.cluster.local
1612451195.185,response_latency_ms_count,,,10.1.2.28:4191,linkerd-proxy,linkerd,,linkerd-prometheus-7cc868fc59-82qll,,698,,,,,linkerd-prometheus,prometheus,linkerd,outbound,,7cc868fc59,200,true,linkerd,10.1.2.30:3000,,linkerd,linkerd-grafana,linkerd,linkerd-grafana-5dc6c885c4-8kr4l,5dc6c885c4,linkerd-grafana,linkerd-grafana.linkerd.serviceaccount.identity.linkerd.cluster.local
1612451205.185,response_latency_ms_count,,,10.1.2.28:4191,linkerd-proxy,linkerd,,linkerd-prometheus-7cc868fc59-82qll,,699,,,,,linkerd-prometheus,prometheus,linkerd,outbound,,7cc868fc59,200,true,linkerd,10.1.2.30:3000,,linkerd,linkerd-grafana,linkerd,linkerd-grafana-5dc6c885c4-8kr4l,5dc6c885c4,linkerd-grafana,linkerd-grafana.linkerd.serviceaccount.identity.linkerd.cluster.local
1612451215.186,response_latency_ms_count,,,10.1.2.28:4191,linkerd-proxy,linkerd,,linkerd-prometheus-7cc868fc59-82qll,,700,,,,,linkerd-prometheus,prometheus,linkerd,outbound,,7cc868fc59,200,true,linkerd,10.1.2.30:3000,,linkerd,linkerd-grafana,linkerd,linkerd-grafana-5dc6c885c4-8kr4l,5dc6c885c4,linkerd-grafana,linkerd-grafana.linkerd.serviceaccount.identity.linkerd.cluster.local
1612451225.185,response_latency_ms_count,,,10.1.2.28:4191,linkerd-proxy,linkerd,,linkerd-prometheus-7cc868fc59-82qll,,701,,,,,linkerd-prometheus,prometheus,linkerd,outbound,,7cc868fc59,200,true,linkerd,10.1.2.30:3000,,linkerd,linkerd-grafana,linkerd,linkerd-grafana-5dc6c885c4-8kr4l,5dc6c885c4,linkerd-grafana,linkerd-grafana.linkerd.serviceaccount.identity.linkerd.cluster.local
1612451235.185,response_latency_ms_count,,,10.1.2.28:4191,linkerd-proxy,linkerd,,linkerd-prometheus-7cc868fc59-82qll,,702,,,,,linkerd-prometheus,prometheus,linkerd,outbound,,7cc868fc59,200,true,linkerd,10.1.2.30:3000,,linkerd,linkerd-grafana,linkerd,linkerd-grafana-5dc6c885c4-8kr4l,5dc6c885c4,linkerd-grafana,linkerd-grafana.linkerd.serviceaccount.identity.linkerd.cluster.local
1612451245.185,response_latency_ms_count,,,10.1.2.28:4191,linkerd-proxy,linkerd,,linkerd-prometheus-7cc868fc59-82qll,,703,,,,,linkerd-prometheus,prometheus,linkerd,outbound,,7cc868fc59,200,true,linkerd,10.1.2.30:3000,,linkerd,linkerd-grafana,linkerd,linkerd-grafana-5dc6c885c4-8kr4l,5dc6c885c4,linkerd-grafana,linkerd-grafana.linkerd.serviceaccount.identity.linkerd.cluster.local
1612451255.185,response_latency_ms_count,,,10.1.2.28:4191,linkerd-proxy,linkerd,,linkerd-prometheus-7cc868fc59-82qll,,704,,,,,linkerd-prometheus,prometheus,linkerd,outbound,,7cc868fc59,200,true,linkerd,10.1.2.30:3000,,linkerd,linkerd-grafana,linkerd,linkerd-grafana-5dc6c885c4-8kr4l,5dc6c885c4,linkerd-grafana,linkerd-grafana.linkerd.serviceaccount.identity.linkerd.cluster.local
1612451265.185,response_latency_ms_count,,,10.1.2.28:4191,linkerd-proxy,linkerd,,linkerd-prometheus-7cc868fc59-82qll,,705,,,,,linkerd-prometheus,prometheus,linkerd,outbound,,7cc868fc59,200,true,linkerd,10.1.2.30:3000,,linkerd,linkerd-grafana,linkerd,linkerd-grafana-5dc6c885c4-8kr4l,5dc6c885c4,linkerd-grafana,linkerd-grafana.linkerd.serviceaccount.identity.linkerd.cluster.local
1612451275.185,response_latency_ms_count,,,10.1.2.28:4191,linkerd-proxy,linkerd,,linkerd-prometheus-7cc868fc59-82qll,,706,,,,,linkerd-prometheus,prometheus,linkerd,outbound,,7cc868fc59,200,true,linkerd,10.1.2.30:3000,,linkerd,linkerd-grafana,linkerd,linkerd-grafana-5dc6c885c4-8kr4l,5dc6c885c4,linkerd-grafana,linkerd-grafana.linkerd.serviceaccount.identity.linkerd.cluster.local
1612451285.185,response_latency_ms_count,,,10.1.2.28:4191,linkerd-proxy,linkerd,,linkerd-prometheus-7cc868fc59-82qll,,707,,,,,linkerd-prometheus,prometheus,linkerd,outbound,,7cc868fc59,200,true,linkerd,10.1.2.30:3000,,linkerd,linkerd-grafana,linkerd,linkerd-grafana-5dc6c885c4-8kr4l,5dc6c885c4,linkerd-grafana,linkerd-grafana.linkerd.serviceaccount.identity.linkerd.cluster.local
1612451295.185,response_latency_ms_count,,,10.1.2.28:4191,linkerd-proxy,linkerd,,linkerd-prometheus-7cc868fc59-82qll,,708,,,,,linkerd-prometheus,prometheus,linkerd,outbound,,7cc868fc59,200,true,linkerd,10.1.2.30:3000,,linkerd,linkerd-grafana,linkerd,linkerd-grafana-5dc6c885c4-8kr4l,5dc6c885c4,linkerd-grafana,linkerd-grafana.linkerd.serviceaccount.identity.linkerd.cluster.local
1612451305.185,response_latency_ms_count,,,10.1.2.28:4191,linkerd-proxy,linkerd,,linkerd-prometheus-7cc868fc59-82qll,,709,,,,,linkerd-prometheus,prometheus,linkerd,outbound,,7cc868fc59,200,true,linkerd,10.1.2.30:3000,,linkerd,linkerd-grafana,linkerd,linkerd-grafana-5dc6c885c4-8kr4l,5dc6c885c4,linkerd-grafana,linkerd-grafana.linkerd.serviceaccount.identity.linkerd.cluster.local
1612451195.185,response_latency_ms_count,,,10.1.2.28:4191,linkerd-proxy,linkerd,,linkerd-prometheus-7cc868fc59-82qll,,698,,,,,linkerd-prometheus,prometheus,linkerd,outbound,,7cc868fc59,200,true,linkerd,10.1.2.27:4191,,linkerd,linkerd-destination,linkerd,linkerd-destination-7cc4785bf6-llf5t,7cc4785bf6,linkerd-destination,linkerd-destination.linkerd.serviceaccount.identity.linkerd.cluster.local
1612451205.185,response_latency_ms_count,,,10.1.2.28:4191,linkerd-proxy,linkerd,,linkerd-prometheus-7cc868fc59-82qll,,699,,,,,linkerd-prometheus,prometheus,linkerd,outbound,,7cc868fc59,200,true,linkerd,10.1.2.27:4191,,linkerd,linkerd-destination,linkerd,linkerd-destination-7cc4785bf6-llf5t,7cc4785bf6,linkerd-destination,linkerd-destination.linkerd.serviceaccount.identity.linkerd.cluster.local
1612451215.186,response_latency_ms_count,,,10.1.2.28:4191,linkerd-proxy,linkerd,,linkerd-prometheus-7cc868fc59-82qll,,700,,,,,linkerd-prometheus,prometheus,linkerd,outbound,,7cc868fc59,200,true,linkerd,10.1.2.27:4191,,linkerd,linkerd-destination,linkerd,linkerd-destination-7cc4785bf6-llf5t,7cc4785bf6,linkerd-destination,linkerd-destination.linkerd.serviceaccount.identity.linkerd.cluster.local
1612451225.185,response_latency_ms_count,,,10.1.2.28:4191,linkerd-proxy,linkerd,,linkerd-prometheus-7cc868fc59-82qll,,701,,,,,linkerd-prometheus,prometheus,linkerd,outbound,,7cc868fc59,200,true,linkerd,10.1.2.27:4191,,linkerd,linkerd-destination,linkerd,linkerd-destination-7cc4785bf6-llf5t,7cc4785bf6,linkerd-destination,linkerd-destination.linkerd.serviceaccount.identity.linkerd.cluster.local
1612451235.185,response_latency_ms_count,,,10.1.2.28:4191,linkerd-proxy,linkerd,,linkerd-prometheus-7cc868fc59-82qll,,702,,,,,linkerd-prometheus,prometheus,linkerd,outbound,,7cc868fc59,200,true,linkerd,10.1.2.27:4191,,linkerd,linkerd-destination,linkerd,linkerd-destination-7cc4785bf6-llf5t,7cc4785bf6,linkerd-destination,linkerd-destination.linkerd.serviceaccount.identity.linkerd.cluster.local
1612451245.185,response_latency_ms_count,,,10.1.2.28:4191,linkerd-proxy,linkerd,,linkerd-prometheus-7cc868fc59-82qll,,703,,,,,linkerd-prometheus,prometheus,linkerd,outbound,,7cc868fc59,200,true,linkerd,10.1.2.27:4191,,linkerd,linkerd-destination,linkerd,linkerd-destination-7cc4785bf6-llf5t,7cc4785bf6,linkerd-destination,linkerd-destination.linkerd.serviceaccount.identity.linkerd.cluster.local
1612451255.185,response_latency_ms_count,,,10.1.2.28:4191,linkerd-proxy,linkerd,,linkerd-prometheus-7cc868fc59-82qll,,704,,,,,linkerd-prometheus,prometheus,linkerd,outbound,,7cc868fc59,200,true,linkerd,10.1.2.27:4191,,linkerd,linkerd-destination,linkerd,linkerd-destination-7cc4785bf6-llf5t,7cc4785bf6,linkerd-destination,linkerd-destination.linkerd.serviceaccount.identity.linkerd.cluster.local
1612451265.185,response_latency_ms_count,,,10.1.2.28:4191,linkerd-proxy,linkerd,,linkerd-prometheus-7cc868fc59-82qll,,705,,,,,linkerd-prometheus,prometheus,linkerd,outbound,,7cc868fc59,200,true,linkerd,10.1.2.27:4191,,linkerd,linkerd-destination,linkerd,linkerd-destination-7cc4785bf6-llf5t,7cc4785bf6,linkerd-destination,linkerd-destination.linkerd.serviceaccount.identity.linkerd.cluster.local
1612451275.185,response_latency_ms_count,,,10.1.2.28:4191,linkerd-proxy,linkerd,,linkerd-prometheus-7cc868fc59-82qll,,706,,,,,linkerd-prometheus,prometheus,linkerd,outbound,,7cc868fc59,200,true,linkerd,10.1.2.27:4191,,linkerd,linkerd-destination,linkerd,linkerd-destination-7cc4785bf6-llf5t,7cc4785bf6,linkerd-destination,linkerd-destination.linkerd.serviceaccount.identity.linkerd.cluster.local
1612451285.185,response_latency_ms_count,,,10.1.2.28:4191,linkerd-proxy,linkerd,,linkerd-prometheus-7cc868fc59-82qll,,707,,,,,linkerd-prometheus,prometheus,linkerd,outbound,,7cc868fc59,200,true,linkerd,10.1.2.27:4191,,linkerd,linkerd-destination,linkerd,linkerd-destination-7cc4785bf6-llf5t,7cc4785bf6,linkerd-destination,linkerd-destination.linkerd.serviceaccount.identity.linkerd.cluster.local
1612451295.185,response_latency_ms_count,,,10.1.2.28:4191,linkerd-proxy,linkerd,,linkerd-prometheus-7cc868fc59-82qll,,708,,,,,linkerd-prometheus,prometheus,linkerd,outbound,,7cc868fc59,200,true,linkerd,10.1.2.27:4191,,linkerd,linkerd-destination,linkerd,linkerd-destination-7cc4785bf6-llf5t,7cc4785bf6,linkerd-destination,linkerd-destination.linkerd.serviceaccount.identity.linkerd.cluster.local
1612451305.185,response_latency_ms_count,,,10.1.2.28:4191,linkerd-proxy,linkerd,,linkerd-prometheus-7cc868fc59-82qll,,709,,,,,linkerd-prometheus,prometheus,linkerd,outbound,,7cc868fc59,200,true,linkerd,10.1.2.27:4191,,linkerd,linkerd-destination,linkerd,linkerd-destination-7cc4785bf6-llf5t,7cc4785bf6,linkerd-destination,linkerd-destination.linkerd.serviceaccount.identity.linkerd.cluster.local
1612451195.185,response_latency_ms_count,,,10.1.2.28:4191,linkerd-proxy,linkerd,,linkerd-prometheus-7cc868fc59-82qll,,698,,,,,linkerd-prometheus,prometheus,linkerd,outbound,,7cc868fc59,200,true,linkerd,10.1.2.31:9990,,linkerd,linkerd-identity,linkerd,linkerd-identity-59b578f747-7dldl,59b578f747,linkerd-identity,linkerd-identity.linkerd.serviceaccount.identity.linkerd.cluster.local
1612451205.185,response_latency_ms_count,,,10.1.2.28:4191,linkerd-proxy,linkerd,,linkerd-prometheus-7cc868fc59-82qll,,699,,,,,linkerd-prometheus,prometheus,linkerd,outbound,,7cc868fc59,200,true,linkerd,10.1.2.31:9990,,linkerd,linkerd-identity,linkerd,linkerd-identity-59b578f747-7dldl,59b578f747,linkerd-identity,linkerd-identity.linkerd.serviceaccount.identity.linkerd.cluster.local
1612451215.186,response_latency_ms_count,,,10.1.2.28:4191,linkerd-proxy,linkerd,,linkerd-prometheus-7cc868fc59-82qll,,700,,,,,linkerd-prometheus,prometheus,linkerd,outbound,,7cc868fc59,200,true,linkerd,10.1.2.31:9990,,linkerd,linkerd-identity,linkerd,linkerd-identity-59b578f747-7dldl,59b578f747,linkerd-identity,linkerd-identity.linkerd.serviceaccount.identity.linkerd.cluster.local
1612451225.185,response_latency_ms_count,,,10.1.2.28:4191,linkerd-proxy,linkerd,,linkerd-prometheus-7cc868fc59-82qll,,701,,,,,linkerd-prometheus,prometheus,linkerd,outbound,,7cc868fc59,200,true,linkerd,10.1.2.31:9990,,linkerd,linkerd-identity,linkerd,linkerd-identity-59b578f747-7dldl,59b578f747,linkerd-identity,linkerd-identity.linkerd.serviceaccount.identity.linkerd.cluster.local
1612451235.185,response_latency_ms_count,,,10.1.2.28:4191,linkerd-proxy,linkerd,,linkerd-prometheus-7cc868fc59-82qll,,702,,,,,linkerd-prometheus,prometheus,linkerd,outbound,,7cc868fc59,200,true,linkerd,10.1.2.31:9990,,linkerd,linkerd-identity,linkerd,linkerd-identity-59b578f747-7dldl,59b578f747,linkerd-identity,linkerd-identity.linkerd.serviceaccount.identity.linkerd.cluster.local
1612451245.185,response_latency_ms_count,,,10.1.2.28:4191,linkerd-proxy,linkerd,,linkerd-prometheus-7cc868fc59-82qll,,703,,,,,linkerd-prometheus,prometheus,linkerd,outbound,,7cc868fc59,200,true,linkerd,10.1.2.31:9990,,linkerd,linkerd-identity,linkerd,linkerd-identity-59b578f747-7dldl,59b578f747,linkerd-identity,linkerd-identity.linkerd.serviceaccount.identity.linkerd.cluster.local
1612451255.185,response_latency_ms_count,,,10.1.2.28:4191,linkerd-proxy,linkerd,,linkerd-prometheus-7cc868fc59-82qll,,704,,,,,linkerd-prometheus,prometheus,linkerd,outbound,,7cc868fc59,200,true,linkerd,10.1.2.31:9990,,linkerd,linkerd-identity,linkerd,linkerd-identity-59b578f747-7dldl,59b578f747,linkerd-identity,linkerd-identity.linkerd.serviceaccount.identity.linkerd.cluster.local
1612451265.185,response_latency_ms_count,,,10.1.2.28:4191,linkerd-proxy,linkerd,,linkerd-prometheus-7cc868fc59-82qll,,705,,,,,linkerd-prometheus,prometheus,linkerd,outbound,,7cc868fc59,200,true,linkerd,10.1.2.31:9990,,linkerd,linkerd-identity,linkerd,linkerd-identity-59b578f747-7dldl,59b578f747,linkerd-identity,linkerd-identity.linkerd.serviceaccount.identity.linkerd.cluster.local
1612451275.185,response_latency_ms_count,,,10.1.2.28:4191,linkerd-proxy,linkerd,,linkerd-prometheus-7cc868fc59-82qll,,706,,,,,linkerd-prometheus,prometheus,linkerd,outbound,,7cc868fc59,200,true,linkerd,10.1.2.31:9990,,linkerd,linkerd-identity,linkerd,linkerd-identity-59b578f747-7dldl,59b578f747,linkerd-identity,linkerd-identity.linkerd.serviceaccount.identity.linkerd.cluster.local
1612451285.185,response_latency_ms_count,,,10.1.2.28:4191,linkerd-proxy,linkerd,,linkerd-prometheus-7cc868fc59-82qll,,707,,,,,linkerd-prometheus,prometheus,linkerd,outbound,,7cc868fc59,200,true,linkerd,10.1.2.31:9990,,linkerd,linkerd-identity,linkerd,linkerd-identity-59b578f747-7dldl,59b578f747,linkerd-identity,linkerd-identity.linkerd.serviceaccount.identity.linkerd.cluster.local
1612451295.185,response_latency_ms_count,,,10.1.2.28:4191,linkerd-proxy,linkerd,,linkerd-prometheus-7cc868fc59-82qll,,708,,,,,linkerd-prometheus,prometheus,linkerd,outbound,,7cc868fc59,200,true,linkerd,10.1.2.31:9990,,linkerd,linkerd-identity,linkerd,linkerd-identity-59b578f747-7dldl,59b578f747,linkerd-identity,linkerd-identity.linkerd.serviceaccount.identity.linkerd.cluster.local
1612451305.185,response_latency_ms_count,,,10.1.2.28:4191,linkerd-proxy,linkerd,,linkerd-prometheus-7cc868fc59-82qll,,709,,,,,linkerd-prometheus,prometheus,linkerd,outbound,,7cc868fc59,200,true,linkerd,10.1.2.31:9990,,linkerd,linkerd-identity,linkerd,linkerd-identity-59b578f747-7dldl,59b578f747,linkerd-identity,linkerd-identity.linkerd.serviceaccount.identity.linkerd.cluster.local
1612451195.185,response_latency_ms_count,,,10.1.2.28:4191,linkerd-proxy,linkerd,,linkerd-prometheus-7cc868fc59-82qll,,698,,,,,linkerd-prometheus,prometheus,linkerd,outbound,,7cc868fc59,200,true,linkerd,10.1.2.29:9998,,linkerd,linkerd-tap,linkerd,linkerd-tap-969455d5-x4c65,969455d5,linkerd-tap,linkerd-tap.linkerd.serviceaccount.identity.linkerd.cluster.local
1612451205.185,response_latency_ms_count,,,10.1.2.28:4191,linkerd-proxy,linkerd,,linkerd-prometheus-7cc868fc59-82qll,,699,,,,,linkerd-prometheus,prometheus,linkerd,outbound,,7cc868fc59,200,true,linkerd,10.1.2.29:9998,,linkerd,linkerd-tap,linkerd,linkerd-tap-969455d5-x4c65,969455d5,linkerd-tap,linkerd-tap.linkerd.serviceaccount.identity.linkerd.cluster.local
1612451215.186,response_latency_ms_count,,,10.1.2.28:4191,linkerd-proxy,linkerd,,linkerd-prometheus-7cc868fc59-82qll,,700,,,,,linkerd-prometheus,prometheus,linkerd,outbound,,7cc868fc59,200,true,linkerd,10.1.2.29:9998,,linkerd,linkerd-tap,linkerd,linkerd-tap-969455d5-x4c65,969455d5,linkerd-tap,linkerd-tap.linkerd.serviceaccount.identity.linkerd.cluster.local
1612451225.185,response_latency_ms_count,,,10.1.2.28:4191,linkerd-proxy,linkerd,,linkerd-prometheus-7cc868fc59-82qll,,701,,,,,linkerd-prometheus,prometheus,linkerd,outbound,,7cc868fc59,200,true,linkerd,10.1.2.29:9998,,linkerd,linkerd-tap,linkerd,linkerd-tap-969455d5-x4c65,969455d5,linkerd-tap,linkerd-tap.linkerd.serviceaccount.identity.linkerd.cluster.local
1612451235.185,response_latency_ms_count,,,10.1.2.28:4191,linkerd-proxy,linkerd,,linkerd-prometheus-7cc868fc59-82qll,,702,,,,,linkerd-prometheus,prometheus,linkerd,outbound,,7cc868fc59,200,true,linkerd,10.1.2.29:9998,,linkerd,linkerd-tap,linkerd,linkerd-tap-969455d5-x4c65,969455d5,linkerd-tap,linkerd-tap.linkerd.serviceaccount.identity.linkerd.cluster.local
1612451245.185,response_latency_ms_count,,,10.1.2.28:4191,linkerd-proxy,linkerd,,linkerd-prometheus-7cc868fc59-82qll,,703,,,,,linkerd-prometheus,prometheus,linkerd,outbound,,7cc868fc59,200,true,linkerd,10.1.2.29:9998,,linkerd,linkerd-tap,linkerd,linkerd-tap-969455d5-x4c65,969455d5,linkerd-tap,linkerd-tap.linkerd.serviceaccount.identity.linkerd.cluster.local
1612451255.185,response_latency_ms_count,,,10.1.2.28:4191,linkerd-proxy,linkerd,,linkerd-prometheus-7cc868fc59-82qll,,704,,,,,linkerd-prometheus,prometheus,linkerd,outbound,,7cc868fc59,200,true,linkerd,10.1.2.29:9998,,linkerd,linkerd-tap,linkerd,linkerd-tap-969455d5-x4c65,969455d5,linkerd-tap,linkerd-tap.linkerd.serviceaccount.identity.linkerd.cluster.local
1612451265.185,response_latency_ms_count,,,10.1.2.28:4191,linkerd-proxy,linkerd,,linkerd-prometheus-7cc868fc59-82qll,,705,,,,,linkerd-prometheus,prometheus,linkerd,outbound,,7cc868fc59,200,true,linkerd,10.1.2.29:9998,,linkerd,linkerd-tap,linkerd,linkerd-tap-969455d5-x4c65,969455d5,linkerd-tap,linkerd-tap.linkerd.serviceaccount.identity.linkerd.cluster.local
1612451275.185,response_latency_ms_count,,,10.1.2.28:4191,linkerd-proxy,linkerd,,linkerd-prometheus-7cc868fc59-82qll,,706,,,,,linkerd-prometheus,prometheus,linkerd,outbound,,7cc868fc59,200,true,linkerd,10.1.2.29:9998,,linkerd,linkerd-tap,linkerd,linkerd-tap-969455d5-x4c65,969455d5,linkerd-tap,linkerd-tap.linkerd.serviceaccount.identity.linkerd.cluster.local
1612451285.185,response_latency_ms_count,,,10.1.2.28:4191,linkerd-proxy,linkerd,,linkerd-prometheus-7cc868fc59-82qll,,707,,,,,linkerd-prometheus,prometheus,linkerd,outbound,,7cc868fc59,200,true,linkerd,10.1.2.29:9998,,linkerd,linkerd-tap,linkerd,linkerd-tap-969455d5-x4c65,969455d5,linkerd-tap,linkerd-tap.linkerd.serviceaccount.identity.linkerd.cluster.local
1612451295.185,response_latency_ms_count,,,10.1.2.28:4191,linkerd-proxy,linkerd,,linkerd-prometheus-7cc868fc59-82qll,,708,,,,,linkerd-prometheus,prometheus,linkerd,outbound,,7cc868fc59,200,true,linkerd,10.1.2.29:9998,,linkerd,linkerd-tap,linkerd,linkerd-tap-969455d5-x4c65,969455d5,linkerd-tap,linkerd-tap.linkerd.serviceaccount.identity.linkerd.cluster.local
1612451305.185,response_latency_ms_count,,,10.1.2.28:4191,linkerd-proxy,linkerd,,linkerd-prometheus-7cc868fc59-82qll,,709,,,,,linkerd-prometheus,prometheus,linkerd,outbound,,7cc868fc59,200,true,linkerd,10.1.2.29:9998,,linkerd,linkerd-tap,linkerd,linkerd-tap-969455d5-x4c65,969455d5,linkerd-tap,linkerd-tap.linkerd.serviceaccount.identity.linkerd.cluster.local
1612451195.892,response_latency_ms_count,,,10.1.2.29:4191,linkerd-proxy,linkerd,,linkerd-tap-969455d5-x4c65,,0,,,,,linkerd-tap,tap,linkerd,inbound,no_tls_from_remote,969455d5,,no_identity,linkerd,,,,,,,,,
1612451205.892,response_latency_ms_count,,,10.1.2.29:4191,linkerd-proxy,linkerd,,linkerd-tap-969455d5-x4c65,,0,,,,,linkerd-tap,tap,linkerd,inbound,no_tls_from_remote,969455d5,,no_identity,linkerd,,,,,,,,,
1612451215.892,response_latency_ms_count,,,10.1.2.29:4191,linkerd-proxy,linkerd,,linkerd-tap-969455d5-x4c65,,0,,,,,linkerd-tap,tap,linkerd,inbound,no_tls_from_remote,969455d5,,no_identity,linkerd,,,,,,,,,
1612451225.892,response_latency_ms_count,,,10.1.2.29:4191,linkerd-proxy,linkerd,,linkerd-tap-969455d5-x4c65,,0,,,,,linkerd-tap,tap,linkerd,inbound,no_tls_from_remote,969455d5,,no_identity,linkerd,,,,,,,,,
1612451235.892,response_latency_ms_count,,,10.1.2.29:4191,linkerd-proxy,linkerd,,linkerd-tap-969455d5-x4c65,,0,,,,,linkerd-tap,tap,linkerd,inbound,no_tls_from_remote,969455d5,,no_identity,linkerd,,,,,,,,,
1612451245.892,response_latency_ms_count,,,10.1.2.29:4191,linkerd-proxy,linkerd,,linkerd-tap-969455d5-x4c65,,0,,,,,linkerd-tap,tap,linkerd,inbound,no_tls_from_remote,969455d5,,no_identity,linkerd,,,,,,,,,
1612451255.892,response_latency_ms_count,,,10.1.2.29:4191,linkerd-proxy,linkerd,,linkerd-tap-969455d5-x4c65,,0,,,,,linkerd-tap,tap,linkerd,inbound,no_tls_from_remote,969455d5,,no_identity,linkerd,,,,,,,,,
1612451265.892,response_latency_ms_count,,,10.1.2.29:4191,linkerd-proxy,linkerd,,linkerd-tap-969455d5-x4c65,,0,,,,,linkerd-tap,tap,linkerd,inbound,no_tls_from_remote,969455d5,,no_identity,linkerd,,,,,,,,,
1612451275.892,response_latency_ms_count,,,10.1.2.29:4191,linkerd-proxy,linkerd,,linkerd-tap-969455d5-x4c65,,0,,,,,linkerd-tap,tap,linkerd,inbound,no_tls_from_remote,969455d5,,no_identity,linkerd,,,,,,,,,
1612451285.892,response_latency_ms_count,,,10.1.2.29:4191,linkerd-proxy,linkerd,,linkerd-tap-969455d5-x4c65,,0,,,,,linkerd-tap,tap,linkerd,inbound,no_tls_from_remote,969455d5,,no_identity,linkerd,,,,,,,,,
1612451295.892,response_latency_ms_count,,,10.1.2.29:4191,linkerd-proxy,linkerd,,linkerd-tap-969455d5-x4c65,,0,,,,,linkerd-tap,tap,linkerd,inbound,no_tls_from_remote,969455d5,,no_identity,linkerd,,,,,,,,,
1612451305.892,response_latency_ms_count,,,10.1.2.29:4191,linkerd-proxy,linkerd,,linkerd-tap-969455d5-x4c65,,0,,,,,linkerd-tap,tap,linkerd,inbound,no_tls_from_remote,969455d5,,no_identity,linkerd,,,,,,,,,
1612451195.892,response_latency_ms_count,,,10.1.2.29:4191,linkerd-proxy,linkerd,,linkerd-tap-969455d5-x4c65,,1400,,,,,linkerd-tap,tap,linkerd,inbound,no_tls_from_remote,969455d5,200,no_identity,linkerd,,,,,,,,,
1612451205.892,response_latency_ms_count,,,10.1.2.29:4191,linkerd-proxy,linkerd,,linkerd-tap-969455d5-x4c65,,1402,,,,,linkerd-tap,tap,linkerd,inbound,no_tls_from_remote,969455d5,200,no_identity,linkerd,,,,,,,,,
1612451215.892,response_latency_ms_count,,,10.1.2.29:4191,linkerd-proxy,linkerd,,linkerd-tap-969455d5-x4c65,,1404,,,,,linkerd-tap,tap,linkerd,inbound,no_tls_from_remote,969455d5,200,no_identity,linkerd,,,,,,,,,
1612451225.892,response_latency_ms_count,,,10.1.2.29:4191,linkerd-proxy,linkerd,,linkerd-tap-969455d5-x4c65,,1406,,,,,linkerd-tap,tap,linkerd,inbound,no_tls_from_remote,969455d5,200,no_identity,linkerd,,,,,,,,,
1612451235.892,response_latency_ms_count,,,10.1.2.29:4191,linkerd-proxy,linkerd,,linkerd-tap-969455d5-x4c65,,1408,,,,,linkerd-tap,tap,linkerd,inbound,no_tls_from_remote,969455d5,200,no_identity,linkerd,,,,,,,,,
1612451245.892,response_latency_ms_count,,,10.1.2.29:4191,linkerd-proxy,linkerd,,linkerd-tap-969455d5-x4c65,,1410,,,,,linkerd-tap,tap,linkerd,inbound,no_tls_from_remote,969455d5,200,no_identity,linkerd,,,,,,,,,
1612451255.892,response_latency_ms_count,,,10.1.2.29:4191,linkerd-proxy,linkerd,,linkerd-tap-969455d5-x4c65,,1412,,,,,linkerd-tap,tap,linkerd,inbound,no_tls_from_remote,969455d5,200,no_identity,linkerd,,,,,,,,,
1612451265.892,response_latency_ms_count,,,10.1.2.29:4191,linkerd-proxy,linkerd,,linkerd-tap-969455d5-x4c65,,1414,,,,,linkerd-tap,tap,linkerd,inbound,no_tls_from_remote,969455d5,200,no_identity,linkerd,,,,,,,,,
1612451275.892,response_latency_ms_count,,,10.1.2.29:4191,linkerd-proxy,linkerd,,linkerd-tap-969455d5-x4c65,,1416,,,,,linkerd-tap,tap,linkerd,inbound,no_tls_from_remote,969455d5,200,no_identity,linkerd,,,,,,,,,
1612451285.892,response_latency_ms_count,,,10.1.2.29:4191,linkerd-proxy,linkerd,,linkerd-tap-969455d5-x4c65,,1418,,,,,linkerd-tap,tap,linkerd,inbound,no_tls_from_remote,969455d5,200,no_identity,linkerd,,,,,,,,,
1612451295.892,response_latency_ms_count,,,10.1.2.29:4191,linkerd-proxy,linkerd,,linkerd-tap-969455d5-x4c65,,1420,,,,,linkerd-tap,tap,linkerd,inbound,no_tls_from_remote,969455d5,200,no_identity,linkerd,,,,,,,,,
1612451305.892,response_latency_ms_count,,,10.1.2.29:4191,linkerd-proxy,linkerd,,linkerd-tap-969455d5-x4c65,,1422,,,,,linkerd-tap,tap,linkerd,inbound,no_tls_from_remote,969455d5,200,no_identity,linkerd,,,,,,,,,
1612451195.892,response_latency_ms_count,,,10.1.2.29:4191,linkerd-proxy,linkerd,,linkerd-tap-969455d5-x4c65,,698,,,,,linkerd-tap,tap,linkerd,inbound,,969455d5,200,true,linkerd,,linkerd-prometheus.linkerd.serviceaccount.identity.linkerd.cluster.local,,,,,,,
1612451205.892,response_latency_ms_count,,,10.1.2.29:4191,linkerd-proxy,linkerd,,linkerd-tap-969455d5-x4c65,,699,,,,,linkerd-tap,tap,linkerd,inbound,,969455d5,200,true,linkerd,,linkerd-prometheus.linkerd.serviceaccount.identity.linkerd.cluster.local,,,,,,,
1612451215.892,response_latency_ms_count,,,10.1.2.29:4191,linkerd-proxy,linkerd,,linkerd-tap-969455d5-x4c65,,700,,,,,linkerd-tap,tap,linkerd,inbound,,969455d5,200,true,linkerd,,linkerd-prometheus.linkerd.serviceaccount.identity.linkerd.cluster.local,,,,,,,
1612451225.892,response_latency_ms_count,,,10.1.2.29:4191,linkerd-proxy,linkerd,,linkerd-tap-969455d5-x4c65,,701,,,,,linkerd-tap,tap,linkerd,inbound,,969455d5,200,true,linkerd,,linkerd-prometheus.linkerd.serviceaccount.identity.linkerd.cluster.local,,,,,,,
1612451235.892,response_latency_ms_count,,,10.1.2.29:4191,linkerd-proxy,linkerd,,linkerd-tap-969455d5-x4c65,,702,,,,,linkerd-tap,tap,linkerd,inbound,,969455d5,200,true,linkerd,,linkerd-prometheus.linkerd.serviceaccount.identity.linkerd.cluster.local,,,,,,,
1612451245.892,response_latency_ms_count,,,10.1.2.29:4191,linkerd-proxy,linkerd,,linkerd-tap-969455d5-x4c65,,703,,,,,linkerd-tap,tap,linkerd,inbound,,969455d5,200,true,linkerd,,linkerd-prometheus.linkerd.serviceaccount.identity.linkerd.cluster.local,,,,,,,
1612451255.892,response_latency_ms_count,,,10.1.2.29:4191,linkerd-proxy,linkerd,,linkerd-tap-969455d5-x4c65,,704,,,,,linkerd-tap,tap,linkerd,inbound,,969455d5,200,true,linkerd,,linkerd-prometheus.linkerd.serviceaccount.identity.linkerd.cluster.local,,,,,,,
1612451265.892,response_latency_ms_count,,,10.1.2.29:4191,linkerd-proxy,linkerd,,linkerd-tap-969455d5-x4c65,,705,,,,,linkerd-tap,tap,linkerd,inbound,,969455d5,200,true,linkerd,,linkerd-prometheus.linkerd.serviceaccount.identity.linkerd.cluster.local,,,,,,,
1612451275.892,response_latency_ms_count,,,10.1.2.29:4191,linkerd-proxy,linkerd,,linkerd-tap-969455d5-x4c65,,706,,,,,linkerd-tap,tap,linkerd,inbound,,969455d5,200,true,linkerd,,linkerd-prometheus.linkerd.serviceaccount.identity.linkerd.cluster.local,,,,,,,
1612451285.892,response_latency_ms_count,,,10.1.2.29:4191,linkerd-proxy,linkerd,,linkerd-tap-969455d5-x4c65,,707,,,,,linkerd-tap,tap,linkerd,inbound,,969455d5,200,true,linkerd,,linkerd-prometheus.linkerd.serviceaccount.identity.linkerd.cluster.local,,,,,,,
1612451295.892,response_latency_ms_count,,,10.1.2.29:4191,linkerd-proxy,linkerd,,linkerd-tap-969455d5-x4c65,,708,,,,,linkerd-tap,tap,linkerd,inbound,,969455d5,200,true,linkerd,,linkerd-prometheus.linkerd.serviceaccount.identity.linkerd.cluster.local,,,,,,,
1612451305.892,response_latency_ms_count,,,10.1.2.29:4191,linkerd-proxy,linkerd,,linkerd-tap-969455d5-x4c65,,709,,,,,linkerd-tap,tap,linkerd,inbound,,969455d5,200,true,linkerd,,linkerd-prometheus.linkerd.serviceaccount.identity.linkerd.cluster.local,,,,,,,
1612451199.002,response_latency_ms_count,,,10.1.2.33:4191,linkerd-proxy,linkerd,,linkerd-proxy-injector-6bb795c888-kpwns,,698,,,,,linkerd-proxy-injector,proxy-injector,linkerd,inbound,,6bb795c888,200,true,linkerd,,linkerd-prometheus.linkerd.serviceaccount.identity.linkerd.cluster.local,,,,,,,
1612451209.002,response_latency_ms_count,,,10.1.2.33:4191,linkerd-proxy,linkerd,,linkerd-proxy-injector-6bb795c888-kpwns,,699,,,,,linkerd-proxy-injector,proxy-injector,linkerd,inbound,,6bb795c888,200,true,linkerd,,linkerd-prometheus.linkerd.serviceaccount.identity.linkerd.cluster.local,,,,,,,
1612451219.002,response_latency_ms_count,,,10.1.2.33:4191,linkerd-proxy,linkerd,,linkerd-proxy-injector-6bb795c888-kpwns,,700,,,,,linkerd-proxy-injector,proxy-injector,linkerd,inbound,,6bb795c888,200,true,linkerd,,linkerd-prometheus.linkerd.serviceaccount.identity.linkerd.cluster.local,,,,,,,
1612451229.002,response_latency_ms_count,,,10.1.2.33:4191,linkerd-proxy,linkerd,,linkerd-proxy-injector-6bb795c888-kpwns,,701,,,,,linkerd-proxy-injector,proxy-injector,linkerd,inbound,,6bb795c888,200,true,linkerd,,linkerd-prometheus.linkerd.serviceaccount.identity.linkerd.cluster.local,,,,,,,
1612451239.002,response_latency_ms_count,,,10.1.2.33:4191,linkerd-proxy,linkerd,,linkerd-proxy-injector-6bb795c888-kpwns,,702,,,,,linkerd-proxy-injector,proxy-injector,linkerd,inbound,,6bb795c888,200,true,linkerd,,linkerd-prometheus.linkerd.serviceaccount.identity.linkerd.cluster.local,,,,,,,
1612451249.002,response_latency_ms_count,,,10.1.2.33:4191,linkerd-proxy,linkerd,,linkerd-proxy-injector-6bb795c888-kpwns,,703,,,,,linkerd-proxy-injector,proxy-injector,linkerd,inbound,,6bb795c888,200,true,linkerd,,linkerd-prometheus.linkerd.serviceaccount.identity.linkerd.cluster.local,,,,,,,
1612451259.002,response_latency_ms_count,,,10.1.2.33:4191,linkerd-proxy,linkerd,,linkerd-proxy-injector-6bb795c888-kpwns,,704,,,,,linkerd-proxy-injector,proxy-injector,linkerd,inbound,,6bb795c888,200,true,linkerd,,linkerd-prometheus.linkerd.serviceaccount.identity.linkerd.cluster.local,,,,,,,
1612451269.002,response_latency_ms_count,,,10.1.2.33:4191,linkerd-proxy,linkerd,,linkerd-proxy-injector-6bb795c888-kpwns,,705,,,,,linkerd-proxy-injector,proxy-injector,linkerd,inbound,,6bb795c888,200,true,linkerd,,linkerd-prometheus.linkerd.serviceaccount.identity.linkerd.cluster.local,,,,,,,
1612451279.002,response_latency_ms_count,,,10.1.2.33:4191,linkerd-proxy,linkerd,,linkerd-proxy-injector-6bb795c888-kpwns,,706,,,,,linkerd-proxy-injector,proxy-injector,linkerd,inbound,,6bb795c888,200,true,linkerd,,linkerd-prometheus.linkerd.serviceaccount.identity.linkerd.cluster.local,,,,,,,
1612451289.002,response_latency_ms_count,,,10.1.2.33:4191,linkerd-proxy,linkerd,,linkerd-proxy-injector-6bb795c888-kpwns,,707,,,,,linkerd-proxy-injector,proxy-injector,linkerd,inbound,,6bb795c888,200,true,linkerd,,linkerd-prometheus.linkerd.serviceaccount.identity.linkerd.cluster.local,,,,,,,
1612451299.002,response_latency_ms_count,,,10.1.2.33:4191,linkerd-proxy,linkerd,,linkerd-proxy-injector-6bb795c888-kpwns,,708,,,,,linkerd-proxy-injector,proxy-injector,linkerd,inbound,,6bb795c888,200,true,linkerd,,linkerd-prometheus.linkerd.serviceaccount.identity.linkerd.cluster.local,,,,,,,
1612451309.002,response_latency_ms_count,,,10.1.2.33:4191,linkerd-proxy,linkerd,,linkerd-proxy-injector-6bb795c888-kpwns,,709,,,,,linkerd-proxy-injector,proxy-injector,linkerd,inbound,,6bb795c888,200,true,linkerd,,linkerd-prometheus.linkerd.serviceaccount.identity.linkerd.cluster.local,,,,,,,
1612451199.131,response_latency_ms_count,,,10.1.2.24:4191,linkerd-proxy,linkerd,,linkerd-sp-validator-6d989499d7-ch5hx,,698,,,,,linkerd-sp-validator,sp-validator,linkerd,inbound,,6d989499d7,200,true,linkerd,,linkerd-prometheus.linkerd.serviceaccount.identity.linkerd.cluster.local,,,,,,,
1612451209.131,response_latency_ms_count,,,10.1.2.24:4191,linkerd-proxy,linkerd,,linkerd-sp-validator-6d989499d7-ch5hx,,699,,,,,linkerd-sp-validator,sp-validator,linkerd,inbound,,6d989499d7,200,true,linkerd,,linkerd-prometheus.linkerd.serviceaccount.identity.linkerd.cluster.local,,,,,,,
1612451219.131,response_latency_ms_count,,,10.1.2.24:4191,linkerd-proxy,linkerd,,linkerd-sp-validator-6d989499d7-ch5hx,,700,,,,,linkerd-sp-validator,sp-validator,linkerd,inbound,,6d989499d7,200,true,linkerd,,linkerd-prometheus.linkerd.serviceaccount.identity.linkerd.cluster.local,,,,,,,
1612451229.131,response_latency_ms_count,,,10.1.2.24:4191,linkerd-proxy,linkerd,,linkerd-sp-validator-6d989499d7-ch5hx,,701,,,,,linkerd-sp-validator,sp-validator,linkerd,inbound,,6d989499d7,200,true,linkerd,,linkerd-prometheus.linkerd.serviceaccount.identity.linkerd.cluster.local,,,,,,,
1612451239.131,response_latency_ms_count,,,10.1.2.24:4191,linkerd-proxy,linkerd,,linkerd-sp-validator-6d989499d7-ch5hx,,702,,,,,linkerd-sp-validator,sp-validator,linkerd,inbound,,6d989499d7,200,true,linkerd,,linkerd-prometheus.linkerd.serviceaccount.identity.linkerd.cluster.local,,,,,,,
1612451249.131,response_latency_ms_count,,,10.1.2.24:4191,linkerd-proxy,linkerd,,linkerd-sp-validator-6d989499d7-ch5hx,,703,,,,,linkerd-sp-validator,sp-validator,linkerd,inbound,,6d989499d7,200,true,linkerd,,linkerd-prometheus.linkerd.serviceaccount.identity.linkerd.cluster.local,,,,,,,
1612451259.131,response_latency_ms_count,,,10.1.2.24:4191,linkerd-proxy,linkerd,,linkerd-sp-validator-6d989499d7-ch5hx,,704,,,,,linkerd-sp-validator,sp-validator,linkerd,inbound,,6d989499d7,200,true,linkerd,,linkerd-prometheus.linkerd.serviceaccount.identity.linkerd.cluster.local,,,,,,,
1612451269.131,response_latency_ms_count,,,10.1.2.24:4191,linkerd-proxy,linkerd,,linkerd-sp-validator-6d989499d7-ch5hx,,705,,,,,linkerd-sp-validator,sp-validator,linkerd,inbound,,6d989499d7,200,true,linkerd,,linkerd-prometheus.linkerd.serviceaccount.identity.linkerd.cluster.local,,,,,,,
1612451279.131,response_latency_ms_count,,,10.1.2.24:4191,linkerd-proxy,linkerd,,linkerd-sp-validator-6d989499d7-ch5hx,,706,,,,,linkerd-sp-validator,sp-validator,linkerd,inbound,,6d989499d7,200,true,linkerd,,linkerd-prometheus.linkerd.serviceaccount.identity.linkerd.cluster.local,,,,,,,
1612451289.131,response_latency_ms_count,,,10.1.2.24:4191,linkerd-proxy,linkerd,,linkerd-sp-validator-6d989499d7-ch5hx,,707,,,,,linkerd-sp-validator,sp-validator,linkerd,inbound,,6d989499d7,200,true,linkerd,,linkerd-prometheus.linkerd.serviceaccount.identity.linkerd.cluster.local,,,,,,,
1612451299.131,response_latency_ms_count,,,10.1.2.24:4191,linkerd-proxy,linkerd,,linkerd-sp-validator-6d989499d7-ch5hx,,708,,,,,linkerd-sp-validator,sp-validator,linkerd,inbound,,6d989499d7,200,true,linkerd,,linkerd-prometheus.linkerd.serviceaccount.identity.linkerd.cluster.local,,,,,,,
1612451309.131,response_latency_ms_count,,,10.1.2.24:4191,linkerd-proxy,linkerd,,linkerd-sp-validator-6d989499d7-ch5hx,,709,,,,,linkerd-sp-validator,sp-validator,linkerd,inbound,,6d989499d7,200,true,linkerd,,linkerd-prometheus.linkerd.serviceaccount.identity.linkerd.cluster.local,,,,,,,
1612451190.14,response_latency_ms_count,,,10.1.2.32:4191,linkerd-proxy,linkerd,,linkerd-web-5697bf7579-ptnds,,697,,,,,linkerd-web,web,linkerd,inbound,,5697bf7579,200,true,linkerd,,linkerd-prometheus.linkerd.serviceaccount.identity.linkerd.cluster.local,,,,,,,
1612451200.14,response_latency_ms_count,,,10.1.2.32:4191,linkerd-proxy,linkerd,,linkerd-web-5697bf7579-ptnds,,698,,,,,linkerd-web,web,linkerd,inbound,,5697bf7579,200,true,linkerd,,linkerd-prometheus.linkerd.serviceaccount.identity.linkerd.cluster.local,,,,,,,
1612451210.14,response_latency_ms_count,,,10.1.2.32:4191,linkerd-proxy,linkerd,,linkerd-web-5697bf7579-ptnds,,699,,,,,linkerd-web,web,linkerd,inbound,,5697bf7579,200,true,linkerd,,linkerd-prometheus.linkerd.serviceaccount.identity.linkerd.cluster.local,,,,,,,
1612451220.14,response_latency_ms_count,,,10.1.2.32:4191,linkerd-proxy,linkerd,,linkerd-web-5697bf7579-ptnds,,700,,,,,linkerd-web,web,linkerd,inbound,,5697bf7579,200,true,linkerd,,linkerd-prometheus.linkerd.serviceaccount.identity.linkerd.cluster.local,,,,,,,
1612451230.14,response_latency_ms_count,,,10.1.2.32:4191,linkerd-proxy,linkerd,,linkerd-web-5697bf7579-ptnds,,701,,,,,linkerd-web,web,linkerd,inbound,,5697bf7579,200,true,linkerd,,linkerd-prometheus.linkerd.serviceaccount.identity.linkerd.cluster.local,,,,,,,
1612451240.14,response_latency_ms_count,,,10.1.2.32:4191,linkerd-proxy,linkerd,,linkerd-web-5697bf7579-ptnds,,702,,,,,linkerd-web,web,linkerd,inbound,,5697bf7579,200,true,linkerd,,linkerd-prometheus.linkerd.serviceaccount.identity.linkerd.cluster.local,,,,,,,
1612451250.14,response_latency_ms_count,,,10.1.2.32:4191,linkerd-proxy,linkerd,,linkerd-web-5697bf7579-ptnds,,703,,,,,linkerd-web,web,linkerd,inbound,,5697bf7579,200,true,linkerd,,linkerd-prometheus.linkerd.serviceaccount.identity.linkerd.cluster.local,,,,,,,
1612451260.14,response_latency_ms_count,,,10.1.2.32:4191,linkerd-proxy,linkerd,,linkerd-web-5697bf7579-ptnds,,704,,,,,linkerd-web,web,linkerd,inbound,,5697bf7579,200,true,linkerd,,linkerd-prometheus.linkerd.serviceaccount.identity.linkerd.cluster.local,,,,,,,
1612451270.14,response_latency_ms_count,,,10.1.2.32:4191,linkerd-proxy,linkerd,,linkerd-web-5697bf7579-ptnds,,705,,,,,linkerd-web,web,linkerd,inbound,,5697bf7579,200,true,linkerd,,linkerd-prometheus.linkerd.serviceaccount.identity.linkerd.cluster.local,,,,,,,
1612451280.14,response_latency_ms_count,,,10.1.2.32:4191,linkerd-proxy,linkerd,,linkerd-web-5697bf7579-ptnds,,706,,,,,linkerd-web,web,linkerd,inbound,,5697bf7579,200,true,linkerd,,linkerd-prometheus.linkerd.serviceaccount.identity.linkerd.cluster.local,,,,,,,
1612451290.14,response_latency_ms_count,,,10.1.2.32:4191,linkerd-proxy,linkerd,,linkerd-web-5697bf7579-ptnds,,707,,,,,linkerd-web,web,linkerd,inbound,,5697bf7579,200,true,linkerd,,linkerd-prometheus.linkerd.serviceaccount.identity.linkerd.cluster.local,,,,,,,
1612451300.14,response_latency_ms_count,,,10.1.2.32:4191,linkerd-proxy,linkerd,,linkerd-web-5697bf7579-ptnds,,708,,,,,linkerd-web,web,linkerd,inbound,,5697bf7579,200,true,linkerd,,linkerd-prometheus.linkerd.serviceaccount.identity.linkerd.cluster.local,,,,,,,
1612451190.413,response_latency_ms_count,,,10.1.2.31:4191,linkerd-proxy,linkerd,,linkerd-identity-59b578f747-7dldl,,697,,,,,linkerd-identity,identity,linkerd,inbound,no_peer_id_from_remote,59b578f747,200,no_identity,linkerd,,,,,,,,,
1612451200.413,response_latency_ms_count,,,10.1.2.31:4191,linkerd-proxy,linkerd,,linkerd-identity-59b578f747-7dldl,,698,,,,,linkerd-identity,identity,linkerd,inbound,no_peer_id_from_remote,59b578f747,200,no_identity,linkerd,,,,,,,,,
1612451210.413,response_latency_ms_count,,,10.1.2.31:4191,linkerd-proxy,linkerd,,linkerd-identity-59b578f747-7dldl,,699,,,,,linkerd-identity,identity,linkerd,inbound,no_peer_id_from_remote,59b578f747,200,no_identity,linkerd,,,,,,,,,
1612451220.413,response_latency_ms_count,,,10.1.2.31:4191,linkerd-proxy,linkerd,,linkerd-identity-59b578f747-7dldl,,700,,,,,linkerd-identity,identity,linkerd,inbound,no_peer_id_from_remote,59b578f747,200,no_identity,linkerd,,,,,,,,,
1612451230.413,response_latency_ms_count,,,10.1.2.31:4191,linkerd-proxy,linkerd,,linkerd-identity-59b578f747-7dldl,,701,,,,,linkerd-identity,identity,linkerd,inbound,no_peer_id_from_remote,59b578f747,200,no_identity,linkerd,,,,,,,,,
1612451240.413,response_latency_ms_count,,,10.1.2.31:4191,linkerd-proxy,linkerd,,linkerd-identity-59b578f747-7dldl,,702,,,,,linkerd-identity,identity,linkerd,inbound,no_peer_id_from_remote,59b578f747,200,no_identity,linkerd,,,,,,,,,
1612451250.413,response_latency_ms_count,,,10.1.2.31:4191,linkerd-proxy,linkerd,,linkerd-identity-59b578f747-7dldl,,703,,,,,linkerd-identity,identity,linkerd,inbound,no_peer_id_from_remote,59b578f747,200,no_identity,linkerd,,,,,,,,,
1612451260.413,response_latency_ms_count,,,10.1.2.31:4191,linkerd-proxy,linkerd,,linkerd-identity-59b578f747-7dldl,,704,,,,,linkerd-identity,identity,linkerd,inbound,no_peer_id_from_remote,59b578f747,200,no_identity,linkerd,,,,,,,,,
1612451270.413,response_latency_ms_count,,,10.1.2.31:4191,linkerd-proxy,linkerd,,linkerd-identity-59b578f747-7dldl,,705,,,,,linkerd-identity,identity,linkerd,inbound,no_peer_id_from_remote,59b578f747,200,no_identity,linkerd,,,,,,,,,
1612451280.413,response_latency_ms_count,,,10.1.2.31:4191,linkerd-proxy,linkerd,,linkerd-identity-59b578f747-7dldl,,706,,,,,linkerd-identity,identity,linkerd,inbound,no_peer_id_from_remote,59b578f747,200,no_identity,linkerd,,,,,,,,,
1612451290.413,response_latency_ms_count,,,10.1.2.31:4191,linkerd-proxy,linkerd,,linkerd-identity-59b578f747-7dldl,,707,,,,,linkerd-identity,identity,linkerd,inbound,no_peer_id_from_remote,59b578f747,200,no_identity,linkerd,,,,,,,,,
1612451300.413,response_latency_ms_count,,,10.1.2.31:4191,linkerd-proxy,linkerd,,linkerd-identity-59b578f747-7dldl,,708,,,,,linkerd-identity,identity,linkerd,inbound,no_peer_id_from_remote,59b578f747,200,no_identity,linkerd,,,,,,,,,
1612451191.709,response_latency_ms_count,,,10.1.2.30:4191,linkerd-proxy,linkerd,,linkerd-grafana-5dc6c885c4-8kr4l,,697,,,,,linkerd-grafana,grafana,linkerd,inbound,,5dc6c885c4,200,true,linkerd,,linkerd-prometheus.linkerd.serviceaccount.identity.linkerd.cluster.local,,,,,,,
1612451201.709,response_latency_ms_count,,,10.1.2.30:4191,linkerd-proxy,linkerd,,linkerd-grafana-5dc6c885c4-8kr4l,,698,,,,,linkerd-grafana,grafana,linkerd,inbound,,5dc6c885c4,200,true,linkerd,,linkerd-prometheus.linkerd.serviceaccount.identity.linkerd.cluster.local,,,,,,,
1612451211.709,response_latency_ms_count,,,10.1.2.30:4191,linkerd-proxy,linkerd,,linkerd-grafana-5dc6c885c4-8kr4l,,699,,,,,linkerd-grafana,grafana,linkerd,inbound,,5dc6c885c4,200,true,linkerd,,linkerd-prometheus.linkerd.serviceaccount.identity.linkerd.cluster.local,,,,,,,
1612451221.709,response_latency_ms_count,,,10.1.2.30:4191,linkerd-proxy,linkerd,,linkerd-grafana-5dc6c885c4-8kr4l,,700,,,,,linkerd-grafana,grafana,linkerd,inbound,,5dc6c885c4,200,true,linkerd,,linkerd-prometheus.linkerd.serviceaccount.identity.linkerd.cluster.local,,,,,,,
1612451231.708,response_latency_ms_count,,,10.1.2.30:4191,linkerd-proxy,linkerd,,linkerd-grafana-5dc6c885c4-8kr4l,,701,,,,,linkerd-grafana,grafana,linkerd,inbound,,5dc6c885c4,200,true,linkerd,,linkerd-prometheus.linkerd.serviceaccount.identity.linkerd.cluster.local,,,,,,,
1612451241.709,response_latency_ms_count,,,10.1.2.30:4191,linkerd-proxy,linkerd,,linkerd-grafana-5dc6c885c4-8kr4l,,702,,,,,linkerd-grafana,grafana,linkerd,inbound,,5dc6c885c4,200,true,linkerd,,linkerd-prometheus.linkerd.serviceaccount.identity.linkerd.cluster.local,,,,,,,
1612451251.709,response_latency_ms_count,,,10.1.2.30:4191,linkerd-proxy,linkerd,,linkerd-grafana-5dc6c885c4-8kr4l,,703,,,,,linkerd-grafana,grafana,linkerd,inbound,,5dc6c885c4,200,true,linkerd,,linkerd-prometheus.linkerd.serviceaccount.identity.linkerd.cluster.local,,,,,,,
1612451261.709,response_latency_ms_count,,,10.1.2.30:4191,linkerd-proxy,linkerd,,linkerd-grafana-5dc6c885c4-8kr4l,,704,,,,,linkerd-grafana,grafana,linkerd,inbound,,5dc6c885c4,200,true,linkerd,,linkerd-prometheus.linkerd.serviceaccount.identity.linkerd.cluster.local,,,,,,,
1612451271.709,response_latency_ms_count,,,10.1.2.30:4191,linkerd-proxy,linkerd,,linkerd-grafana-5dc6c885c4-8kr4l,,705,,,,,linkerd-grafana,grafana,linkerd,inbound,,5dc6c885c4,200,true,linkerd,,linkerd-prometheus.linkerd.serviceaccount.identity.linkerd.cluster.local,,,,,,,
1612451281.709,response_latency_ms_count,,,10.1.2.30:4191,linkerd-proxy,linkerd,,linkerd-grafana-5dc6c885c4-8kr4l,,706,,,,,linkerd-grafana,grafana,linkerd,inbound,,5dc6c885c4,200,true,linkerd,,linkerd-prometheus.linkerd.serviceaccount.identity.linkerd.cluster.local,,,,,,,
1612451291.709,response_latency_ms_count,,,10.1.2.30:4191,linkerd-proxy,linkerd,,linkerd-grafana-5dc6c885c4-8kr4l,,707,,,,,linkerd-grafana,grafana,linkerd,inbound,,5dc6c885c4,200,true,linkerd,,linkerd-prometheus.linkerd.serviceaccount.identity.linkerd.cluster.local,,,,,,,
1612451301.708,response_latency_ms_count,,,10.1.2.30:4191,linkerd-proxy,linkerd,,linkerd-grafana-5dc6c885c4-8kr4l,,708,,,,,linkerd-grafana,grafana,linkerd,inbound,,5dc6c885c4,200,true,linkerd,,linkerd-prometheus.linkerd.serviceaccount.identity.linkerd.cluster.local,,,,,,,
1612451194.335,response_latency_ms_count,,,10.1.2.27:4191,linkerd-proxy,linkerd,,linkerd-destination-7cc4785bf6-llf5t,,697,,,,,linkerd-destination,destination,linkerd,inbound,,7cc4785bf6,200,true,linkerd,,linkerd-prometheus.linkerd.serviceaccount.identity.linkerd.cluster.local,,,,,,,
1612451204.335,response_latency_ms_count,,,10.1.2.27:4191,linkerd-proxy,linkerd,,linkerd-destination-7cc4785bf6-llf5t,,698,,,,,linkerd-destination,destination,linkerd,inbound,,7cc4785bf6,200,true,linkerd,,linkerd-prometheus.linkerd.serviceaccount.identity.linkerd.cluster.local,,,,,,,
1612451214.335,response_latency_ms_count,,,10.1.2.27:4191,linkerd-proxy,linkerd,,linkerd-destination-7cc4785bf6-llf5t,,699,,,,,linkerd-destination,destination,linkerd,inbound,,7cc4785bf6,200,true,linkerd,,linkerd-prometheus.linkerd.serviceaccount.identity.linkerd.cluster.local,,,,,,,
1612451224.335,response_latency_ms_count,,,10.1.2.27:4191,linkerd-proxy,linkerd,,linkerd-destination-7cc4785bf6-llf5t,,700,,,,,linkerd-destination,destination,linkerd,inbound,,7cc4785bf6,200,true,linkerd,,linkerd-prometheus.linkerd.serviceaccount.identity.linkerd.cluster.local,,,,,,,
1612451234.335,response_latency_ms_count,,,10.1.2.27:4191,linkerd-proxy,linkerd,,linkerd-destination-7cc4785bf6-llf5t,,701,,,,,linkerd-destination,destination,linkerd,inbound,,7cc4785bf6,200,true,linkerd,,linkerd-prometheus.linkerd.serviceaccount.identity.linkerd.cluster.local,,,,,,,
1612451244.335,response_latency_ms_count,,,10.1.2.27:4191,linkerd-proxy,linkerd,,linkerd-destination-7cc4785bf6-llf5t,,702,,,,,linkerd-destination,destination,linkerd,inbound,,7cc4785bf6,200,true,linkerd,,linkerd-prometheus.linkerd.serviceaccount.identity.linkerd.cluster.local,,,,,,,
1612451254.335,response_latency_ms_count,,,10.1.2.27:4191,linkerd-proxy,linkerd,,linkerd-destination-7cc4785bf6-llf5t,,703,,,,,linkerd-destination,destination,linkerd,inbound,,7cc4785bf6,200,true,linkerd,,linkerd-prometheus.linkerd.serviceaccount.identity.linkerd.cluster.local,,,,,,,
1612451264.335,response_latency_ms_count,,,10.1.2.27:4191,linkerd-proxy,linkerd,,linkerd-destination-7cc4785bf6-llf5t,,704,,,,,linkerd-destination,destination,linkerd,inbound,,7cc4785bf6,200,true,linkerd,,linkerd-prometheus.linkerd.serviceaccount.identity.linkerd.cluster.local,,,,,,,
1612451274.335,response_latency_ms_count,,,10.1.2.27:4191,linkerd-proxy,linkerd,,linkerd-destination-7cc4785bf6-llf5t,,705,,,,,linkerd-destination,destination,linkerd,inbound,,7cc4785bf6,200,true,linkerd,,linkerd-prometheus.linkerd.serviceaccount.identity.linkerd.cluster.local,,,,,,,
1612451284.335,response_latency_ms_count,,,10.1.2.27:4191,linkerd-proxy,linkerd,,linkerd-destination-7cc4785bf6-llf5t,,706,,,,,linkerd-destination,destination,linkerd,inbound,,7cc4785bf6,200,true,linkerd,,linkerd-prometheus.linkerd.serviceaccount.identity.linkerd.cluster.local,,,,,,,
1612451294.335,response_latency_ms_count,,,10.1.2.27:4191,linkerd-proxy,linkerd,,linkerd-destination-7cc4785bf6-llf5t,,707,,,,,linkerd-destination,destination,linkerd,inbound,,7cc4785bf6,200,true,linkerd,,linkerd-prometheus.linkerd.serviceaccount.identity.linkerd.cluster.local,,,,,,,
1612451304.335,response_latency_ms_count,,,10.1.2.27:4191,linkerd-proxy,linkerd,,linkerd-destination-7cc4785bf6-llf5t,,708,,,,,linkerd-destination,destination,linkerd,inbound,,7cc4785bf6,200,true,linkerd,,linkerd-prometheus.linkerd.serviceaccount.identity.linkerd.cluster.local,,,,,,,
1612451195.185,response_latency_ms_count,,,10.1.2.28:4191,linkerd-proxy,linkerd,,linkerd-prometheus-7cc868fc59-82qll,,664,,,,,linkerd-prometheus,prometheus,linkerd,outbound,,7cc868fc59,200,true,linkerd,10.1.2.22:4191,,linkerd,sandbox-deployment,sandbox,sandbox-deployment-66fc8df7fd-zmzm9,66fc8df7fd,default,default.sandbox.serviceaccount.identity.linkerd.cluster.local
1612451205.185,response_latency_ms_count,,,10.1.2.28:4191,linkerd-proxy,linkerd,,linkerd-prometheus-7cc868fc59-82qll,,664,,,,,linkerd-prometheus,prometheus,linkerd,outbound,,7cc868fc59,200,true,linkerd,10.1.2.22:4191,,linkerd,sandbox-deployment,sandbox,sandbox-deployment-66fc8df7fd-zmzm9,66fc8df7fd,default,default.sandbox.serviceaccount.identity.linkerd.cluster.local
1612451215.186,response_latency_ms_count,,,10.1.2.28:4191,linkerd-proxy,linkerd,,linkerd-prometheus-7cc868fc59-82qll,,664,,,,,linkerd-prometheus,prometheus,linkerd,outbound,,7cc868fc59,200,true,linkerd,10.1.2.22:4191,,linkerd,sandbox-deployment,sandbox,sandbox-deployment-66fc8df7fd-zmzm9,66fc8df7fd,default,default.sandbox.serviceaccount.identity.linkerd.cluster.local
1612451225.185,response_latency_ms_count,,,10.1.2.28:4191,linkerd-proxy,linkerd,,linkerd-prometheus-7cc868fc59-82qll,,664,,,,,linkerd-prometheus,prometheus,linkerd,outbound,,7cc868fc59,200,true,linkerd,10.1.2.22:4191,,linkerd,sandbox-deployment,sandbox,sandbox-deployment-66fc8df7fd-zmzm9,66fc8df7fd,default,default.sandbox.serviceaccount.identity.linkerd.cluster.local
1612451235.185,response_latency_ms_count,,,10.1.2.28:4191,linkerd-proxy,linkerd,,linkerd-prometheus-7cc868fc59-82qll,,664,,,,,linkerd-prometheus,prometheus,linkerd,outbound,,7cc868fc59,200,true,linkerd,10.1.2.22:4191,,linkerd,sandbox-deployment,sandbox,sandbox-deployment-66fc8df7fd-zmzm9,66fc8df7fd,default,default.sandbox.serviceaccount.identity.linkerd.cluster.local
1612451245.185,response_latency_ms_count,,,10.1.2.28:4191,linkerd-proxy,linkerd,,linkerd-prometheus-7cc868fc59-82qll,,664,,,,,linkerd-prometheus,prometheus,linkerd,outbound,,7cc868fc59,200,true,linkerd,10.1.2.22:4191,,linkerd,sandbox-deployment,sandbox,sandbox-deployment-66fc8df7fd-zmzm9,66fc8df7fd,default,default.sandbox.serviceaccount.identity.linkerd.cluster.local
1612451255.185,response_latency_ms_count,,,10.1.2.28:4191,linkerd-proxy,linkerd,,linkerd-prometheus-7cc868fc59-82qll,,664,,,,,linkerd-prometheus,prometheus,linkerd,outbound,,7cc868fc59,200,true,linkerd,10.1.2.22:4191,,linkerd,sandbox-deployment,sandbox,sandbox-deployment-66fc8df7fd-zmzm9,66fc8df7fd,default,default.sandbox.serviceaccount.identity.linkerd.cluster.local
1612451265.185,response_latency_ms_count,,,10.1.2.28:4191,linkerd-proxy,linkerd,,linkerd-prometheus-7cc868fc59-82qll,,664,,,,,linkerd-prometheus,prometheus,linkerd,outbound,,7cc868fc59,200,true,linkerd,10.1.2.22:4191,,linkerd,sandbox-deployment,sandbox,sandbox-deployment-66fc8df7fd-zmzm9,66fc8df7fd,default,default.sandbox.serviceaccount.identity.linkerd.cluster.local
1612451275.185,response_latency_ms_count,,,10.1.2.28:4191,linkerd-proxy,linkerd,,linkerd-prometheus-7cc868fc59-82qll,,664,,,,,linkerd-prometheus,prometheus,linkerd,outbound,,7cc868fc59,200,true,linkerd,10.1.2.22:4191,,linkerd,sandbox-deployment,sandbox,sandbox-deployment-66fc8df7fd-zmzm9,66fc8df7fd,default,default.sandbox.serviceaccount.identity.linkerd.cluster.local
1612451285.185,response_latency_ms_count,,,10.1.2.28:4191,linkerd-proxy,linkerd,,linkerd-prometheus-7cc868fc59-82qll,,664,,,,,linkerd-prometheus,prometheus,linkerd,outbound,,7cc868fc59,200,true,linkerd,10.1.2.22:4191,,linkerd,sandbox-deployment,sandbox,sandbox-deployment-66fc8df7fd-zmzm9,66fc8df7fd,default,default.sandbox.serviceaccount.identity.linkerd.cluster.local
1612451295.185,response_latency_ms_count,,,10.1.2.28:4191,linkerd-proxy,linkerd,,linkerd-prometheus-7cc868fc59-82qll,,664,,,,,linkerd-prometheus,prometheus,linkerd,outbound,,7cc868fc59,200,true,linkerd,10.1.2.22:4191,,linkerd,sandbox-deployment,sandbox,sandbox-deployment-66fc8df7fd-zmzm9,66fc8df7fd,default,default.sandbox.serviceaccount.identity.linkerd.cluster.local
1612451305.185,response_latency_ms_count,,,10.1.2.28:4191,linkerd-proxy,linkerd,,linkerd-prometheus-7cc868fc59-82qll,,664,,,,,linkerd-prometheus,prometheus,linkerd,outbound,,7cc868fc59,200,true,linkerd,10.1.2.22:4191,,linkerd,sandbox-deployment,sandbox,sandbox-deployment-66fc8df7fd-zmzm9,66fc8df7fd,default,default.sandbox.serviceaccount.identity.linkerd.cluster.local
1612451195.185,response_latency_ms_count,,,10.1.2.28:4191,linkerd-proxy,linkerd,,linkerd-prometheus-7cc868fc59-82qll,,682,,,,,linkerd-prometheus,prometheus,linkerd,outbound,,7cc868fc59,200,true,linkerd,10.1.2.20:4191,,linkerd,sandbox-deployment,sandbox,sandbox-deployment-66fc8df7fd-tw7wp,66fc8df7fd,default,default.sandbox.serviceaccount.identity.linkerd.cluster.local
1612451205.185,response_latency_ms_count,,,10.1.2.28:4191,linkerd-proxy,linkerd,,linkerd-prometheus-7cc868fc59-82qll,,682,,,,,linkerd-prometheus,prometheus,linkerd,outbound,,7cc868fc59,200,true,linkerd,10.1.2.20:4191,,linkerd,sandbox-deployment,sandbox,sandbox-deployment-66fc8df7fd-tw7wp,66fc8df7fd,default,default.sandbox.serviceaccount.identity.linkerd.cluster.local
1612451215.186,response_latency_ms_count,,,10.1.2.28:4191,linkerd-proxy,linkerd,,linkerd-prometheus-7cc868fc59-82qll,,682,,,,,linkerd-prometheus,prometheus,linkerd,outbound,,7cc868fc59,200,true,linkerd,10.1.2.20:4191,,linkerd,sandbox-deployment,sandbox,sandbox-deployment-66fc8df7fd-tw7wp,66fc8df7fd,default,default.sandbox.serviceaccount.identity.linkerd.cluster.local
1612451225.185,response_latency_ms_count,,,10.1.2.28:4191,linkerd-proxy,linkerd,,linkerd-prometheus-7cc868fc59-82qll,,682,,,,,linkerd-prometheus,prometheus,linkerd,outbound,,7cc868fc59,200,true,linkerd,10.1.2.20:4191,,linkerd,sandbox-deployment,sandbox,sandbox-deployment-66fc8df7fd-tw7wp,66fc8df7fd,default,default.sandbox.serviceaccount.identity.linkerd.cluster.local
1612451235.185,response_latency_ms_count,,,10.1.2.28:4191,linkerd-proxy,linkerd,,linkerd-prometheus-7cc868fc59-82qll,,682,,,,,linkerd-prometheus,prometheus,linkerd,outbound,,7cc868fc59,200,true,linkerd,10.1.2.20:4191,,linkerd,sandbox-deployment,sandbox,sandbox-deployment-66fc8df7fd-tw7wp,66fc8df7fd,default,default.sandbox.serviceaccount.identity.linkerd.cluster.local
1612451245.185,response_latency_ms_count,,,10.1.2.28:4191,linkerd-proxy,linkerd,,linkerd-prometheus-7cc868fc59-82qll,,682,,,,,linkerd-prometheus,prometheus,linkerd,outbound,,7cc868fc59,200,true,linkerd,10.1.2.20:4191,,linkerd,sandbox-deployment,sandbox,sandbox-deployment-66fc8df7fd-tw7wp,66fc8df7fd,default,default.sandbox.serviceaccount.identity.linkerd.cluster.local
1612451255.185,response_latency_ms_count,,,10.1.2.28:4191,linkerd-proxy,linkerd,,linkerd-prometheus-7cc868fc59-82qll,,682,,,,,linkerd-prometheus,prometheus,linkerd,outbound,,7cc868fc59,200,true,linkerd,10.1.2.20:4191,,linkerd,sandbox-deployment,sandbox,sandbox-deployment-66fc8df7fd-tw7wp,66fc8df7fd,default,default.sandbox.serviceaccount.identity.linkerd.cluster.local
1612451265.185,response_latency_ms_count,,,10.1.2.28:4191,linkerd-proxy,linkerd,,linkerd-prometheus-7cc868fc59-82qll,,682,,,,,linkerd-prometheus,prometheus,linkerd,outbound,,7cc868fc59,200,true,linkerd,10.1.2.20:4191,,linkerd,sandbox-deployment,sandbox,sandbox-deployment-66fc8df7fd-tw7wp,66fc8df7fd,default,default.sandbox.serviceaccount.identity.linkerd.cluster.local
1612451275.185,response_latency_ms_count,,,10.1.2.28:4191,linkerd-proxy,linkerd,,linkerd-prometheus-7cc868fc59-82qll,,682,,,,,linkerd-prometheus,prometheus,linkerd,outbound,,7cc868fc59,200,true,linkerd,10.1.2.20:4191,,linkerd,sandbox-deployment,sandbox,sandbox-deployment-66fc8df7fd-tw7wp,66fc8df7fd,default,default.sandbox.serviceaccount.identity.linkerd.cluster.local
1612451285.185,response_latency_ms_count,,,10.1.2.28:4191,linkerd-proxy,linkerd,,linkerd-prometheus-7cc868fc59-82qll,,682,,,,,linkerd-prometheus,prometheus,linkerd,outbound,,7cc868fc59,200,true,linkerd,10.1.2.20:4191,,linkerd,sandbox-deployment,sandbox,sandbox-deployment-66fc8df7fd-tw7wp,66fc8df7fd,default,default.sandbox.serviceaccount.identity.linkerd.cluster.local
1612451295.185,response_latency_ms_count,,,10.1.2.28:4191,linkerd-proxy,linkerd,,linkerd-prometheus-7cc868fc59-82qll,,682,,,,,linkerd-prometheus,prometheus,linkerd,outbound,,7cc868fc59,200,true,linkerd,10.1.2.20:4191,,linkerd,sandbox-deployment,sandbox,sandbox-deployment-66fc8df7fd-tw7wp,66fc8df7fd,default,default.sandbox.serviceaccount.identity.linkerd.cluster.local
1612451305.185,response_latency_ms_count,,,10.1.2.28:4191,linkerd-proxy,linkerd,,linkerd-prometheus-7cc868fc59-82qll,,682,,,,,linkerd-prometheus,prometheus,linkerd,outbound,,7cc868fc59,200,true,linkerd,10.1.2.20:4191,,linkerd,sandbox-deployment,sandbox,sandbox-deployment-66fc8df7fd-tw7wp,66fc8df7fd,default,default.sandbox.serviceaccount.identity.linkerd.cluster.local
1612451195.185,response_latency_ms_count,,,10.1.2.28:4191,linkerd-proxy,linkerd,,linkerd-prometheus-7cc868fc59-82qll,,697,,,,,linkerd-prometheus,prometheus,linkerd,outbound,,7cc868fc59,200,true,linkerd,10.1.2.29:4191,,linkerd,linkerd-tap,linkerd,linkerd-tap-969455d5-x4c65,969455d5,linkerd-tap,linkerd-tap.linkerd.serviceaccount.identity.linkerd.cluster.local
1612451205.185,response_latency_ms_count,,,10.1.2.28:4191,linkerd-proxy,linkerd,,linkerd-prometheus-7cc868fc59-82qll,,698,,,,,linkerd-prometheus,prometheus,linkerd,outbound,,7cc868fc59,200,true,linkerd,10.1.2.29:4191,,linkerd,linkerd-tap,linkerd,linkerd-tap-969455d5-x4c65,969455d5,linkerd-tap,linkerd-tap.linkerd.serviceaccount.identity.linkerd.cluster.local
1612451215.186,response_latency_ms_count,,,10.1.2.28:4191,linkerd-proxy,linkerd,,linkerd-prometheus-7cc868fc59-82qll,,699,,,,,linkerd-prometheus,prometheus,linkerd,outbound,,7cc868fc59,200,true,linkerd,10.1.2.29:4191,,linkerd,linkerd-tap,linkerd,linkerd-tap-969455d5-x4c65,969455d5,linkerd-tap,linkerd-tap.linkerd.serviceaccount.identity.linkerd.cluster.local
1612451225.185,response_latency_ms_count,,,10.1.2.28:4191,linkerd-proxy,linkerd,,linkerd-prometheus-7cc868fc59-82qll,,700,,,,,linkerd-prometheus,prometheus,linkerd,outbound,,7cc868fc59,200,true,linkerd,10.1.2.29:4191,,linkerd,linkerd-tap,linkerd,linkerd-tap-969455d5-x4c65,969455d5,linkerd-tap,linkerd-tap.linkerd.serviceaccount.identity.linkerd.cluster.local
1612451235.185,response_latency_ms_count,,,10.1.2.28:4191,linkerd-proxy,linkerd,,linkerd-prometheus-7cc868fc59-82qll,,701,,,,,linkerd-prometheus,prometheus,linkerd,outbound,,7cc868fc59,200,true,linkerd,10.1.2.29:4191,,linkerd,linkerd-tap,linkerd,linkerd-tap-969455d5-x4c65,969455d5,linkerd-tap,linkerd-tap.linkerd.serviceaccount.identity.linkerd.cluster.local
1612451245.185,response_latency_ms_count,,,10.1.2.28:4191,linkerd-proxy,linkerd,,linkerd-prometheus-7cc868fc59-82qll,,702,,,,,linkerd-prometheus,prometheus,linkerd,outbound,,7cc868fc59,200,true,linkerd,10.1.2.29:4191,,linkerd,linkerd-tap,linkerd,linkerd-tap-969455d5-x4c65,969455d5,linkerd-tap,linkerd-tap.linkerd.serviceaccount.identity.linkerd.cluster.local
1612451255.185,response_latency_ms_count,,,10.1.2.28:4191,linkerd-proxy,linkerd,,linkerd-prometheus-7cc868fc59-82qll,,703,,,,,linkerd-prometheus,prometheus,linkerd,outbound,,7cc868fc59,200,true,linkerd,10.1.2.29:4191,,linkerd,linkerd-tap,linkerd,linkerd-tap-969455d5-x4c65,969455d5,linkerd-tap,linkerd-tap.linkerd.serviceaccount.identity.linkerd.cluster.local
1612451265.185,response_latency_ms_count,,,10.1.2.28:4191,linkerd-proxy,linkerd,,linkerd-prometheus-7cc868fc59-82qll,,704,,,,,linkerd-prometheus,prometheus,linkerd,outbound,,7cc868fc59,200,true,linkerd,10.1.2.29:4191,,linkerd,linkerd-tap,linkerd,linkerd-tap-969455d5-x4c65,969455d5,linkerd-tap,linkerd-tap.linkerd.serviceaccount.identity.linkerd.cluster.local
1612451275.185,response_latency_ms_count,,,10.1.2.28:4191,linkerd-proxy,linkerd,,linkerd-prometheus-7cc868fc59-82qll,,705,,,,,linkerd-prometheus,prometheus,linkerd,outbound,,7cc868fc59,200,true,linkerd,10.1.2.29:4191,,linkerd,linkerd-tap,linkerd,linkerd-tap-969455d5-x4c65,969455d5,linkerd-tap,linkerd-tap.linkerd.serviceaccount.identity.linkerd.cluster.local
1612451285.185,response_latency_ms_count,,,10.1.2.28:4191,linkerd-proxy,linkerd,,linkerd-prometheus-7cc868fc59-82qll,,706,,,,,linkerd-prometheus,prometheus,linkerd,outbound,,7cc868fc59,200,true,linkerd,10.1.2.29:4191,,linkerd,linkerd-tap,linkerd,linkerd-tap-969455d5-x4c65,969455d5,linkerd-tap,linkerd-tap.linkerd.serviceaccount.identity.linkerd.cluster.local
1612451295.185,response_latency_ms_count,,,10.1.2.28:4191,linkerd-proxy,linkerd,,linkerd-prometheus-7cc868fc59-82qll,,707,,,,,linkerd-prometheus,prometheus,linkerd,outbound,,7cc868fc59,200,true,linkerd,10.1.2.29:4191,,linkerd,linkerd-tap,linkerd,linkerd-tap-969455d5-x4c65,969455d5,linkerd-tap,linkerd-tap.linkerd.serviceaccount.identity.linkerd.cluster.local
1612451305.185,response_latency_ms_count,,,10.1.2.28:4191,linkerd-proxy,linkerd,,linkerd-prometheus-7cc868fc59-82qll,,708,,,,,linkerd-prometheus,prometheus,linkerd,outbound,,7cc868fc59,200,true,linkerd,10.1.2.29:4191,,linkerd,linkerd-tap,linkerd,linkerd-tap-969455d5-x4c65,969455d5,linkerd-tap,linkerd-tap.linkerd.serviceaccount.identity.linkerd.cluster.local
1612451195.185,response_latency_ms_count,,,10.1.2.28:4191,linkerd-proxy,linkerd,,linkerd-prometheus-7cc868fc59-82qll,,697,,,,,linkerd-prometheus,prometheus,linkerd,outbound,,7cc868fc59,200,true,linkerd,10.1.2.27:9996,,linkerd,linkerd-destination,linkerd,linkerd-destination-7cc4785bf6-llf5t,7cc4785bf6,linkerd-destination,linkerd-destination.linkerd.serviceaccount.identity.linkerd.cluster.local
1612451205.185,response_latency_ms_count,,,10.1.2.28:4191,linkerd-proxy,linkerd,,linkerd-prometheus-7cc868fc59-82qll,,698,,,,,linkerd-prometheus,prometheus,linkerd,outbound,,7cc868fc59,200,true,linkerd,10.1.2.27:9996,,linkerd,linkerd-destination,linkerd,linkerd-destination-7cc4785bf6-llf5t,7cc4785bf6,linkerd-destination,linkerd-destination.linkerd.serviceaccount.identity.linkerd.cluster.local
1612451215.186,response_latency_ms_count,,,10.1.2.28:4191,linkerd-proxy,linkerd,,linkerd-prometheus-7cc868fc59-82qll,,699,,,,,linkerd-prometheus,prometheus,linkerd,outbound,,7cc868fc59,200,true,linkerd,10.1.2.27:9996,,linkerd,linkerd-destination,linkerd,linkerd-destination-7cc4785bf6-llf5t,7cc4785bf6,linkerd-destination,linkerd-destination.linkerd.serviceaccount.identity.linkerd.cluster.local
1612451225.185,response_latency_ms_count,,,10.1.2.28:4191,linkerd-proxy,linkerd,,linkerd-prometheus-7cc868fc59-82qll,,700,,,,,linkerd-prometheus,prometheus,linkerd,outbound,,7cc868fc59,200,true,linkerd,10.1.2.27:9996,,linkerd,linkerd-destination,linkerd,linkerd-destination-7cc4785bf6-llf5t,7cc4785bf6,linkerd-destination,linkerd-destination.linkerd.serviceaccount.identity.linkerd.cluster.local
1612451235.185,response_latency_ms_count,,,10.1.2.28:4191,linkerd-proxy,linkerd,,linkerd-prometheus-7cc868fc59-82qll,,701,,,,,linkerd-prometheus,prometheus,linkerd,outbound,,7cc868fc59,200,true,linkerd,10.1.2.27:9996,,linkerd,linkerd-destination,linkerd,linkerd-destination-7cc4785bf6-llf5t,7cc4785bf6,linkerd-destination,linkerd-destination.linkerd.serviceaccount.identity.linkerd.cluster.local
1612451245.185,response_latency_ms_count,,,10.1.2.28:4191,linkerd-proxy,linkerd,,linkerd-prometheus-7cc868fc59-82qll,,702,,,,,linkerd-prometheus,prometheus,linkerd,outbound,,7cc868fc59,200,true,linkerd,10.1.2.27:9996,,linkerd,linkerd-destination,linkerd,linkerd-destination-7cc4785bf6-llf5t,7cc4785bf6,linkerd-destination,linkerd-destination.linkerd.serviceaccount.identity.linkerd.cluster.local
1612451255.185,response_latency_ms_count,,,10.1.2.28:4191,linkerd-proxy,linkerd,,linkerd-prometheus-7cc868fc59-82qll,,703,,,,,linkerd-prometheus,prometheus,linkerd,outbound,,7cc868fc59,200,true,linkerd,10.1.2.27:9996,,linkerd,linkerd-destination,linkerd,linkerd-destination-7cc4785bf6-llf5t,7cc4785bf6,linkerd-destination,linkerd-destination.linkerd.serviceaccount.identity.linkerd.cluster.local
1612451265.185,response_latency_ms_count,,,10.1.2.28:4191,linkerd-proxy,linkerd,,linkerd-prometheus-7cc868fc59-82qll,,704,,,,,linkerd-prometheus,prometheus,linkerd,outbound,,7cc868fc59,200,true,linkerd,10.1.2.27:9996,,linkerd,linkerd-destination,linkerd,linkerd-destination-7cc4785bf6-llf5t,7cc4785bf6,linkerd-destination,linkerd-destination.linkerd.serviceaccount.identity.linkerd.cluster.local
1612451275.185,response_latency_ms_count,,,10.1.2.28:4191,linkerd-proxy,linkerd,,linkerd-prometheus-7cc868fc59-82qll,,705,,,,,linkerd-prometheus,prometheus,linkerd,outbound,,7cc868fc59,200,true,linkerd,10.1.2.27:9996,,linkerd,linkerd-destination,linkerd,linkerd-destination-7cc4785bf6-llf5t,7cc4785bf6,linkerd-destination,linkerd-destination.linkerd.serviceaccount.identity.linkerd.cluster.local
1612451285.185,response_latency_ms_count,,,10.1.2.28:4191,linkerd-proxy,linkerd,,linkerd-prometheus-7cc868fc59-82qll,,706,,,,,linkerd-prometheus,prometheus,linkerd,outbound,,7cc868fc59,200,true,linkerd,10.1.2.27:9996,,linkerd,linkerd-destination,linkerd,linkerd-destination-7cc4785bf6-llf5t,7cc4785bf6,linkerd-destination,linkerd-destination.linkerd.serviceaccount.identity.linkerd.cluster.local
1612451295.185,response_latency_ms_count,,,10.1.2.28:4191,linkerd-proxy,linkerd,,linkerd-prometheus-7cc868fc59-82qll,,707,,,,,linkerd-prometheus,prometheus,linkerd,outbound,,7cc868fc59,200,true,linkerd,10.1.2.27:9996,,linkerd,linkerd-destination,linkerd,linkerd-destination-7cc4785bf6-llf5t,7cc4785bf6,linkerd-destination,linkerd-destination.linkerd.serviceaccount.identity.linkerd.cluster.local
1612451305.185,response_latency_ms_count,,,10.1.2.28:4191,linkerd-proxy,linkerd,,linkerd-prometheus-7cc868fc59-82qll,,708,,,,,linkerd-prometheus,prometheus,linkerd,outbound,,7cc868fc59,200,true,linkerd,10.1.2.27:9996,,linkerd,linkerd-destination,linkerd,linkerd-destination-7cc4785bf6-llf5t,7cc4785bf6,linkerd-destination,linkerd-destination.linkerd.serviceaccount.identity.linkerd.cluster.local
1612451195.185,response_latency_ms_count,,,10.1.2.28:4191,linkerd-proxy,linkerd,,linkerd-prometheus-7cc868fc59-82qll,,6,,,,,linkerd-prometheus,prometheus,linkerd,inbound,no_tls_from_remote,7cc868fc59,200,no_identity,linkerd,localhost:30506,,,,,,,,
1612451205.185,response_latency_ms_count,,,10.1.2.28:4191,linkerd-proxy,linkerd,,linkerd-prometheus-7cc868fc59-82qll,,6,,,,,linkerd-prometheus,prometheus,linkerd,inbound,no_tls_from_remote,7cc868fc59,200,no_identity,linkerd,localhost:30506,,,,,,,,
1612451215.186,response_latency_ms_count,,,10.1.2.28:4191,linkerd-proxy,linkerd,,linkerd-prometheus-7cc868fc59-82qll,,6,,,,,linkerd-prometheus,prometheus,linkerd,inbound,no_tls_from_remote,7cc868fc59,200,no_identity,linkerd,localhost:30506,,,,,,,,
1612451225.185,response_latency_ms_count,,,10.1.2.28:4191,linkerd-proxy,linkerd,,linkerd-prometheus-7cc868fc59-82qll,,8,,,,,linkerd-prometheus,prometheus,linkerd,inbound,no_tls_from_remote,7cc868fc59,200,no_identity,linkerd,localhost:30506,,,,,,,,
1612451235.185,response_latency_ms_count,,,10.1.2.28:4191,linkerd-proxy,linkerd,,linkerd-prometheus-7cc868fc59-82qll,,8,,,,,linkerd-prometheus,prometheus,linkerd,inbound,no_tls_from_remote,7cc868fc59,200,no_identity,linkerd,localhost:30506,,,,,,,,
1612451245.185,response_latency_ms_count,,,10.1.2.28:4191,linkerd-proxy,linkerd,,linkerd-prometheus-7cc868fc59-82qll,,8,,,,,linkerd-prometheus,prometheus,linkerd,inbound,no_tls_from_remote,7cc868fc59,200,no_identity,linkerd,localhost:30506,,,,,,,,
1612451255.185,response_latency_ms_count,,,10.1.2.28:4191,linkerd-proxy,linkerd,,linkerd-prometheus-7cc868fc59-82qll,,8,,,,,linkerd-prometheus,prometheus,linkerd,inbound,no_tls_from_remote,7cc868fc59,200,no_identity,linkerd,localhost:30506,,,,,,,,
1612451265.185,response_latency_ms_count,,,10.1.2.28:4191,linkerd-proxy,linkerd,,linkerd-prometheus-7cc868fc59-82qll,,8,,,,,linkerd-prometheus,prometheus,linkerd,inbound,no_tls_from_remote,7cc868fc59,200,no_identity,linkerd,localhost:30506,,,,,,,,
1612451275.185,response_latency_ms_count,,,10.1.2.28:4191,linkerd-proxy,linkerd,,linkerd-prometheus-7cc868fc59-82qll,,8,,,,,linkerd-prometheus,prometheus,linkerd,inbound,no_tls_from_remote,7cc868fc59,200,no_identity,linkerd,localhost:30506,,,,,,,,
1612451285.185,response_latency_ms_count,,,10.1.2.28:4191,linkerd-proxy,linkerd,,linkerd-prometheus-7cc868fc59-82qll,,8,,,,,linkerd-prometheus,prometheus,linkerd,inbound,no_tls_from_remote,7cc868fc59,200,no_identity,linkerd,localhost:30506,,,,,,,,
1612451295.185,response_latency_ms_count,,,10.1.2.28:4191,linkerd-proxy,linkerd,,linkerd-prometheus-7cc868fc59-82qll,,8,,,,,linkerd-prometheus,prometheus,linkerd,inbound,no_tls_from_remote,7cc868fc59,200,no_identity,linkerd,localhost:30506,,,,,,,,
1612451305.185,response_latency_ms_count,,,10.1.2.28:4191,linkerd-proxy,linkerd,,linkerd-prometheus-7cc868fc59-82qll,,8,,,,,linkerd-prometheus,prometheus,linkerd,inbound,no_tls_from_remote,7cc868fc59,200,no_identity,linkerd,localhost:30506,,,,,,,,
1612451195.185,response_latency_ms_count,,,10.1.2.28:4191,linkerd-proxy,linkerd,,linkerd-prometheus-7cc868fc59-82qll,,8,,,,,linkerd-prometheus,prometheus,linkerd,outbound,,7cc868fc59,200,true,linkerd,10.1.2.34:4191,,linkerd,sandbox-deployment,sandbox,sandbox-deployment-66fc8df7fd-pkllm,66fc8df7fd,default,default.sandbox.serviceaccount.identity.linkerd.cluster.local
1612451205.185,response_latency_ms_count,,,10.1.2.28:4191,linkerd-proxy,linkerd,,linkerd-prometheus-7cc868fc59-82qll,,8,,,,,linkerd-prometheus,prometheus,linkerd,outbound,,7cc868fc59,200,true,linkerd,10.1.2.34:4191,,linkerd,sandbox-deployment,sandbox,sandbox-deployment-66fc8df7fd-pkllm,66fc8df7fd,default,default.sandbox.serviceaccount.identity.linkerd.cluster.local
1612451215.186,response_latency_ms_count,,,10.1.2.28:4191,linkerd-proxy,linkerd,,linkerd-prometheus-7cc868fc59-82qll,,8,,,,,linkerd-prometheus,prometheus,linkerd,outbound,,7cc868fc59,200,true,linkerd,10.1.2.34:4191,,linkerd,sandbox-deployment,sandbox,sandbox-deployment-66fc8df7fd-pkllm,66fc8df7fd,default,default.sandbox.serviceaccount.identity.linkerd.cluster.local
1612451225.185,response_latency_ms_count,,,10.1.2.28:4191,linkerd-proxy,linkerd,,linkerd-prometheus-7cc868fc59-82qll,,8,,,,,linkerd-prometheus,prometheus,linkerd,outbound,,7cc868fc59,200,true,linkerd,10.1.2.34:4191,,linkerd,sandbox-deployment,sandbox,sandbox-deployment-66fc8df7fd-pkllm,66fc8df7fd,default,default.sandbox.serviceaccount.identity.linkerd.cluster.local
1612451235.185,response_latency_ms_count,,,10.1.2.28:4191,linkerd-proxy,linkerd,,linkerd-prometheus-7cc868fc59-82qll,,8,,,,,linkerd-prometheus,prometheus,linkerd,outbound,,7cc868fc59,200,true,linkerd,10.1.2.34:4191,,linkerd,sandbox-deployment,sandbox,sandbox-deployment-66fc8df7fd-pkllm,66fc8df7fd,default,default.sandbox.serviceaccount.identity.linkerd.cluster.local
1612451245.185,response_latency_ms_count,,,10.1.2.28:4191,linkerd-proxy,linkerd,,linkerd-prometheus-7cc868fc59-82qll,,8,,,,,linkerd-prometheus,prometheus,linkerd,outbound,,7cc868fc59,200,true,linkerd,10.1.2.34:4191,,linkerd,sandbox-deployment,sandbox,sandbox-deployment-66fc8df7fd-pkllm,66fc8df7fd,default,default.sandbox.serviceaccount.identity.linkerd.cluster.local
1612451255.185,response_latency_ms_count,,,10.1.2.28:4191,linkerd-proxy,linkerd,,linkerd-prometheus-7cc868fc59-82qll,,8,,,,,linkerd-prometheus,prometheus,linkerd,outbound,,7cc868fc59,200,true,linkerd,10.1.2.34:4191,,linkerd,sandbox-deployment,sandbox,sandbox-deployment-66fc8df7fd-pkllm,66fc8df7fd,default,default.sandbox.serviceaccount.identity.linkerd.cluster.local
1612451265.185,response_latency_ms_count,,,10.1.2.28:4191,linkerd-proxy,linkerd,,linkerd-prometheus-7cc868fc59-82qll,,8,,,,,linkerd-prometheus,prometheus,linkerd,outbound,,7cc868fc59,200,true,linkerd,10.1.2.34:4191,,linkerd,sandbox-deployment,sandbox,sandbox-deployment-66fc8df7fd-pkllm,66fc8df7fd,default,default.sandbox.serviceaccount.identity.linkerd.cluster.local
1612451275.185,response_latency_ms_count,,,10.1.2.28:4191,linkerd-proxy,linkerd,,linkerd-prometheus-7cc868fc59-82qll,,8,,,,,linkerd-prometheus,prometheus,linkerd,outbound,,7cc868fc59,200,true,linkerd,10.1.2.34:4191,,linkerd,sandbox-deployment,sandbox,sandbox-deployment-66fc8df7fd-pkllm,66fc8df7fd,default,default.sandbox.serviceaccount.identity.linkerd.cluster.local
1612451285.185,response_latency_ms_count,,,10.1.2.28:4191,linkerd-proxy,linkerd,,linkerd-prometheus-7cc868fc59-82qll,,8,,,,,linkerd-prometheus,prometheus,linkerd,outbound,,7cc868fc59,200,true,linkerd,10.1.2.34:4191,,linkerd,sandbox-deployment,sandbox,sandbox-deployment-66fc8df7fd-pkllm,66fc8df7fd,default,default.sandbox.serviceaccount.identity.linkerd.cluster.local
1612451295.185,response_latency_ms_count,,,10.1.2.28:4191,linkerd-proxy,linkerd,,linkerd-prometheus-7cc868fc59-82qll,,8,,,,,linkerd-prometheus,prometheus,linkerd,outbound,,7cc868fc59,200,true,linkerd,10.1.2.34:4191,,linkerd,sandbox-deployment,sandbox,sandbox-deployment-66fc8df7fd-pkllm,66fc8df7fd,default,default.sandbox.serviceaccount.identity.linkerd.cluster.local
1612451305.185,response_latency_ms_count,,,10.1.2.28:4191,linkerd-proxy,linkerd,,linkerd-prometheus-7cc868fc59-82qll,,8,,,,,linkerd-prometheus,prometheus,linkerd,outbound,,7cc868fc59,200,true,linkerd,10.1.2.34:4191,,linkerd,sandbox-deployment,sandbox,sandbox-deployment-66fc8df7fd-pkllm,66fc8df7fd,default,default.sandbox.serviceaccount.identity.linkerd.cluster.local
1612451195.185,response_latency_ms_count,,,10.1.2.28:4191,linkerd-proxy,linkerd,,linkerd-prometheus-7cc868fc59-82qll,,15,,,,,linkerd-prometheus,prometheus,linkerd,outbound,,7cc868fc59,200,true,linkerd,10.1.2.35:4191,,linkerd,sandbox-deployment,sandbox,sandbox-deployment-8745b9b79-lzhf6,8745b9b79,default,default.sandbox.serviceaccount.identity.linkerd.cluster.local
1612451205.185,response_latency_ms_count,,,10.1.2.28:4191,linkerd-proxy,linkerd,,linkerd-prometheus-7cc868fc59-82qll,,16,,,,,linkerd-prometheus,prometheus,linkerd,outbound,,7cc868fc59,200,true,linkerd,10.1.2.35:4191,,linkerd,sandbox-deployment,sandbox,sandbox-deployment-8745b9b79-lzhf6,8745b9b79,default,default.sandbox.serviceaccount.identity.linkerd.cluster.local
1612451215.186,response_latency_ms_count,,,10.1.2.28:4191,linkerd-proxy,linkerd,,linkerd-prometheus-7cc868fc59-82qll,,17,,,,,linkerd-prometheus,prometheus,linkerd,outbound,,7cc868fc59,200,true,linkerd,10.1.2.35:4191,,linkerd,sandbox-deployment,sandbox,sandbox-deployment-8745b9b79-lzhf6,8745b9b79,default,default.sandbox.serviceaccount.identity.linkerd.cluster.local
1612451225.185,response_latency_ms_count,,,10.1.2.28:4191,linkerd-proxy,linkerd,,linkerd-prometheus-7cc868fc59-82qll,,18,,,,,linkerd-prometheus,prometheus,linkerd,outbound,,7cc868fc59,200,true,linkerd,10.1.2.35:4191,,linkerd,sandbox-deployment,sandbox,sandbox-deployment-8745b9b79-lzhf6,8745b9b79,default,default.sandbox.serviceaccount.identity.linkerd.cluster.local
1612451235.185,response_latency_ms_count,,,10.1.2.28:4191,linkerd-proxy,linkerd,,linkerd-prometheus-7cc868fc59-82qll,,19,,,,,linkerd-prometheus,prometheus,linkerd,outbound,,7cc868fc59,200,true,linkerd,10.1.2.35:4191,,linkerd,sandbox-deployment,sandbox,sandbox-deployment-8745b9b79-lzhf6,8745b9b79,default,default.sandbox.serviceaccount.identity.linkerd.cluster.local
1612451245.185,response_latency_ms_count,,,10.1.2.28:4191,linkerd-proxy,linkerd,,linkerd-prometheus-7cc868fc59-82qll,,19,,,,,linkerd-prometheus,prometheus,linkerd,outbound,,7cc868fc59,200,true,linkerd,10.1.2.35:4191,,linkerd,sandbox-deployment,sandbox,sandbox-deployment-8745b9b79-lzhf6,8745b9b79,default,default.sandbox.serviceaccount.identity.linkerd.cluster.local
1612451255.185,response_latency_ms_count,,,10.1.2.28:4191,linkerd-proxy,linkerd,,linkerd-prometheus-7cc868fc59-82qll,,19,,,,,linkerd-prometheus,prometheus,linkerd,outbound,,7cc868fc59,200,true,linkerd,10.1.2.35:4191,,linkerd,sandbox-deployment,sandbox,sandbox-deployment-8745b9b79-lzhf6,8745b9b79,default,default.sandbox.serviceaccount.identity.linkerd.cluster.local
1612451265.185,response_latency_ms_count,,,10.1.2.28:4191,linkerd-proxy,linkerd,,linkerd-prometheus-7cc868fc59-82qll,,19,,,,,linkerd-prometheus,prometheus,linkerd,outbound,,7cc868fc59,200,true,linkerd,10.1.2.35:4191,,linkerd,sandbox-deployment,sandbox,sandbox-deployment-8745b9b79-lzhf6,8745b9b79,default,default.sandbox.serviceaccount.identity.linkerd.cluster.local
1612451275.185,response_latency_ms_count,,,10.1.2.28:4191,linkerd-proxy,linkerd,,linkerd-prometheus-7cc868fc59-82qll,,19,,,,,linkerd-prometheus,prometheus,linkerd,outbound,,7cc868fc59,200,true,linkerd,10.1.2.35:4191,,linkerd,sandbox-deployment,sandbox,sandbox-deployment-8745b9b79-lzhf6,8745b9b79,default,default.sandbox.serviceaccount.identity.linkerd.cluster.local
1612451285.185,response_latency_ms_count,,,10.1.2.28:4191,linkerd-proxy,linkerd,,linkerd-prometheus-7cc868fc59-82qll,,19,,,,,linkerd-prometheus,prometheus,linkerd,outbound,,7cc868fc59,200,true,linkerd,10.1.2.35:4191,,linkerd,sandbox-deployment,sandbox,sandbox-deployment-8745b9b79-lzhf6,8745b9b79,default,default.sandbox.serviceaccount.identity.linkerd.cluster.local
1612451295.185,response_latency_ms_count,,,10.1.2.28:4191,linkerd-proxy,linkerd,,linkerd-prometheus-7cc868fc59-82qll,,19,,,,,linkerd-prometheus,prometheus,linkerd,outbound,,7cc868fc59,200,true,linkerd,10.1.2.35:4191,,linkerd,sandbox-deployment,sandbox,sandbox-deployment-8745b9b79-lzhf6,8745b9b79,default,default.sandbox.serviceaccount.identity.linkerd.cluster.local
1612451305.185,response_latency_ms_count,,,10.1.2.28:4191,linkerd-proxy,linkerd,,linkerd-prometheus-7cc868fc59-82qll,,19,,,,,linkerd-prometheus,prometheus,linkerd,outbound,,7cc868fc59,200,true,linkerd,10.1.2.35:4191,,linkerd,sandbox-deployment,sandbox,sandbox-deployment-8745b9b79-lzhf6,8745b9b79,default,default.sandbox.serviceaccount.identity.linkerd.cluster.local
1612451195.185,response_latency_ms_count,,,10.1.2.28:4191,linkerd-proxy,linkerd,,linkerd-prometheus-7cc868fc59-82qll,,5,,,,,linkerd-prometheus,prometheus,linkerd,outbound,,7cc868fc59,200,true,linkerd,10.1.2.36:4191,,linkerd,sandbox-deployment,sandbox,sandbox-deployment-8745b9b79-sstlc,8745b9b79,default,default.sandbox.serviceaccount.identity.linkerd.cluster.local
1612451205.185,response_latency_ms_count,,,10.1.2.28:4191,linkerd-proxy,linkerd,,linkerd-prometheus-7cc868fc59-82qll,,6,,,,,linkerd-prometheus,prometheus,linkerd,outbound,,7cc868fc59,200,true,linkerd,10.1.2.36:4191,,linkerd,sandbox-deployment,sandbox,sandbox-deployment-8745b9b79-sstlc,8745b9b79,default,default.sandbox.serviceaccount.identity.linkerd.cluster.local
1612451215.186,response_latency_ms_count,,,10.1.2.28:4191,linkerd-proxy,linkerd,,linkerd-prometheus-7cc868fc59-82qll,,7,,,,,linkerd-prometheus,prometheus,linkerd,outbound,,7cc868fc59,200,true,linkerd,10.1.2.36:4191,,linkerd,sandbox-deployment,sandbox,sandbox-deployment-8745b9b79-sstlc,8745b9b79,default,default.sandbox.serviceaccount.identity.linkerd.cluster.local
1612451225.185,response_latency_ms_count,,,10.1.2.28:4191,linkerd-proxy,linkerd,,linkerd-prometheus-7cc868fc59-82qll,,8,,,,,linkerd-prometheus,prometheus,linkerd,outbound,,7cc868fc59,200,true,linkerd,10.1.2.36:4191,,linkerd,sandbox-deployment,sandbox,sandbox-deployment-8745b9b79-sstlc,8745b9b79,default,default.sandbox.serviceaccount.identity.linkerd.cluster.local
1612451235.185,response_latency_ms_count,,,10.1.2.28:4191,linkerd-proxy,linkerd,,linkerd-prometheus-7cc868fc59-82qll,,8,,,,,linkerd-prometheus,prometheus,linkerd,outbound,,7cc868fc59,200,true,linkerd,10.1.2.36:4191,,linkerd,sandbox-deployment,sandbox,sandbox-deployment-8745b9b79-sstlc,8745b9b79,default,default.sandbox.serviceaccount.identity.linkerd.cluster.local
1612451245.185,response_latency_ms_count,,,10.1.2.28:4191,linkerd-proxy,linkerd,,linkerd-prometheus-7cc868fc59-82qll,,8,,,,,linkerd-prometheus,prometheus,linkerd,outbound,,7cc868fc59,200,true,linkerd,10.1.2.36:4191,,linkerd,sandbox-deployment,sandbox,sandbox-deployment-8745b9b79-sstlc,8745b9b79,default,default.sandbox.serviceaccount.identity.linkerd.cluster.local
1612451255.185,response_latency_ms_count,,,10.1.2.28:4191,linkerd-proxy,linkerd,,linkerd-prometheus-7cc868fc59-82qll,,8,,,,,linkerd-prometheus,prometheus,linkerd,outbound,,7cc868fc59,200,true,linkerd,10.1.2.36:4191,,linkerd,sandbox-deployment,sandbox,sandbox-deployment-8745b9b79-sstlc,8745b9b79,default,default.sandbox.serviceaccount.identity.linkerd.cluster.local
1612451265.185,response_latency_ms_count,,,10.1.2.28:4191,linkerd-proxy,linkerd,,linkerd-prometheus-7cc868fc59-82qll,,8,,,,,linkerd-prometheus,prometheus,linkerd,outbound,,7cc868fc59,200,true,linkerd,10.1.2.36:4191,,linkerd,sandbox-deployment,sandbox,sandbox-deployment-8745b9b79-sstlc,8745b9b79,default,default.sandbox.serviceaccount.identity.linkerd.cluster.local
1612451275.185,response_latency_ms_count,,,10.1.2.28:4191,linkerd-proxy,linkerd,,linkerd-prometheus-7cc868fc59-82qll,,8,,,,,linkerd-prometheus,prometheus,linkerd,outbound,,7cc868fc59,200,true,linkerd,10.1.2.36:4191,,linkerd,sandbox-deployment,sandbox,sandbox-deployment-8745b9b79-sstlc,8745b9b79,default,default.sandbox.serviceaccount.identity.linkerd.cluster.local
1612451285.185,response_latency_ms_count,,,10.1.2.28:4191,linkerd-proxy,linkerd,,linkerd-prometheus-7cc868fc59-82qll,,8,,,,,linkerd-prometheus,prometheus,linkerd,outbound,,7cc868fc59,200,true,linkerd,10.1.2.36:4191,,linkerd,sandbox-deployment,sandbox,sandbox-deployment-8745b9b79-sstlc,8745b9b79,default,default.sandbox.serviceaccount.identity.linkerd.cluster.local
1612451295.185,response_latency_ms_count,,,10.1.2.28:4191,linkerd-proxy,linkerd,,linkerd-prometheus-7cc868fc59-82qll,,8,,,,,linkerd-prometheus,prometheus,linkerd,outbound,,7cc868fc59,200,true,linkerd,10.1.2.36:4191,,linkerd,sandbox-deployment,sandbox,sandbox-deployment-8745b9b79-sstlc,8745b9b79,default,default.sandbox.serviceaccount.identity.linkerd.cluster.local
1612451305.185,response_latency_ms_count,,,10.1.2.28:4191,linkerd-proxy,linkerd,,linkerd-prometheus-7cc868fc59-82qll,,8,,,,,linkerd-prometheus,prometheus,linkerd,outbound,,7cc868fc59,200,true,linkerd,10.1.2.36:4191,,linkerd,sandbox-deployment,sandbox,sandbox-deployment-8745b9b79-sstlc,8745b9b79,default,default.sandbox.serviceaccount.identity.linkerd.cluster.local
1612451235.185,response_latency_ms_count,,,10.1.2.28:4191,linkerd-proxy,linkerd,,linkerd-prometheus-7cc868fc59-82qll,,1,,,,,linkerd-prometheus,prometheus,linkerd,outbound,,7cc868fc59,200,true,linkerd,10.1.2.37:4191,,linkerd,sandbox-deployment,sandbox,sandbox-deployment-7b7967b898-xthbp,7b7967b898,default,default.sandbox.serviceaccount.identity.linkerd.cluster.local
1612451245.185,response_latency_ms_count,,,10.1.2.28:4191,linkerd-proxy,linkerd,,linkerd-prometheus-7cc868fc59-82qll,,2,,,,,linkerd-prometheus,prometheus,linkerd,outbound,,7cc868fc59,200,true,linkerd,10.1.2.37:4191,,linkerd,sandbox-deployment,sandbox,sandbox-deployment-7b7967b898-xthbp,7b7967b898,default,default.sandbox.serviceaccount.identity.linkerd.cluster.local
1612451255.185,response_latency_ms_count,,,10.1.2.28:4191,linkerd-proxy,linkerd,,linkerd-prometheus-7cc868fc59-82qll,,3,,,,,linkerd-prometheus,prometheus,linkerd,outbound,,7cc868fc59,200,true,linkerd,10.1.2.37:4191,,linkerd,sandbox-deployment,sandbox,sandbox-deployment-7b7967b898-xthbp,7b7967b898,default,default.sandbox.serviceaccount.identity.linkerd.cluster.local
1612451265.185,response_latency_ms_count,,,10.1.2.28:4191,linkerd-proxy,linkerd,,linkerd-prometheus-7cc868fc59-82qll,,4,,,,,linkerd-prometheus,prometheus,linkerd,outbound,,7cc868fc59,200,true,linkerd,10.1.2.37:4191,,linkerd,sandbox-deployment,sandbox,sandbox-deployment-7b7967b898-xthbp,7b7967b898,default,default.sandbox.serviceaccount.identity.linkerd.cluster.local
1612451275.185,response_latency_ms_count,,,10.1.2.28:4191,linkerd-proxy,linkerd,,linkerd-prometheus-7cc868fc59-82qll,,5,,,,,linkerd-prometheus,prometheus,linkerd,outbound,,7cc868fc59,200,true,linkerd,10.1.2.37:4191,,linkerd,sandbox-deployment,sandbox,sandbox-deployment-7b7967b898-xthbp,7b7967b898,default,default.sandbox.serviceaccount.identity.linkerd.cluster.local
1612451285.185,response_latency_ms_count,,,10.1.2.28:4191,linkerd-proxy,linkerd,,linkerd-prometheus-7cc868fc59-82qll,,6,,,,,linkerd-prometheus,prometheus,linkerd,outbound,,7cc868fc59,200,true,linkerd,10.1.2.37:4191,,linkerd,sandbox-deployment,sandbox,sandbox-deployment-7b7967b898-xthbp,7b7967b898,default,default.sandbox.serviceaccount.identity.linkerd.cluster.local
1612451295.185,response_latency_ms_count,,,10.1.2.28:4191,linkerd-proxy,linkerd,,linkerd-prometheus-7cc868fc59-82qll,,7,,,,,linkerd-prometheus,prometheus,linkerd,outbound,,7cc868fc59,200,true,linkerd,10.1.2.37:4191,,linkerd,sandbox-deployment,sandbox,sandbox-deployment-7b7967b898-xthbp,7b7967b898,default,default.sandbox.serviceaccount.identity.linkerd.cluster.local
1612451305.185,response_latency_ms_count,,,10.1.2.28:4191,linkerd-proxy,linkerd,,linkerd-prometheus-7cc868fc59-82qll,,8,,,,,linkerd-prometheus,prometheus,linkerd,outbound,,7cc868fc59,200,true,linkerd,10.1.2.37:4191,,linkerd,sandbox-deployment,sandbox,sandbox-deployment-7b7967b898-xthbp,7b7967b898,default,default.sandbox.serviceaccount.identity.linkerd.cluster.local
