timestamp,__name__,container,endpoint,instance,job,namespace,node,pod,service,value,id,image,metrics_path,name,deployment
1616673707.187,kube_pod_container_resource_requests_memory_bytes,alertmanager,http,10.1.53.228:8080,kube-state-metrics,default,docker-desktop,alertmanager-prometheus-kube-prometheus-alertmanager-0,prometheus-kube-state-metrics,209715200,,,,,
1616673737.187,kube_pod_container_resource_requests_memory_bytes,alertmanager,http,10.1.53.228:8080,kube-state-metrics,default,docker-desktop,alertmanager-prometheus-kube-prometheus-alertmanager-0,prometheus-kube-state-metrics,209715200,,,,,
1616673707.187,kube_pod_container_resource_requests_memory_bytes,config-reloader,http,10.1.53.228:8080,kube-state-metrics,default,docker-desktop,alertmanager-prometheus-kube-prometheus-alertmanager-0,prometheus-kube-state-metrics,52428800,,,,,
1616673737.187,kube_pod_container_resource_requests_memory_bytes,config-reloader,http,10.1.53.228:8080,kube-state-metrics,default,docker-desktop,alertmanager-prometheus-kube-prometheus-alertmanager-0,prometheus-kube-state-metrics,52428800,,,,,
1616673707.187,kube_pod_container_resource_requests_memory_bytes,config-reloader,http,10.1.53.228:8080,kube-state-metrics,default,docker-desktop,prometheus-prometheus-kube-prometheus-prometheus-0,prometheus-kube-state-metrics,52428800,,,,,
1616673737.187,kube_pod_container_resource_requests_memory_bytes,config-reloader,http,10.1.53.228:8080,kube-state-metrics,default,docker-desktop,prometheus-prometheus-kube-prometheus-prometheus-0,prometheus-kube-state-metrics,52428800,,,,,
1616673707.187,kube_pod_container_resource_requests_memory_bytes,coredns,http,10.1.53.228:8080,kube-state-metrics,kube-system,docker-desktop,coredns-f9fd979d6-4b2l5,prometheus-kube-state-metrics,73400320,,,,,
1616673737.187,kube_pod_container_resource_requests_memory_bytes,coredns,http,10.1.53.228:8080,kube-state-metrics,kube-system,docker-desktop,coredns-f9fd979d6-4b2l5,prometheus-kube-state-metrics,73400320,,,,,
1616673707.187,kube_pod_container_resource_requests_memory_bytes,coredns,http,10.1.53.228:8080,kube-state-metrics,kube-system,docker-desktop,coredns-f9fd979d6-gsfph,prometheus-kube-state-metrics,73400320,,,,,
1616673737.187,kube_pod_container_resource_requests_memory_bytes,coredns,http,10.1.53.228:8080,kube-state-metrics,kube-system,docker-desktop,coredns-f9fd979d6-gsfph,prometheus-kube-state-metrics,73400320,,,,,
1616673707.187,kube_pod_container_resource_requests_memory_bytes,teastore-webui,http,10.1.53.228:8080,kube-state-metrics,teastore,docker-desktop,teastore-webui-845cc88f86-4lmtl,prometheus-kube-state-metrics,419430400,,,,,
1616673737.187,kube_pod_container_resource_requests_memory_bytes,teastore-webui,http,10.1.53.228:8080,kube-state-metrics,teastore,docker-desktop,teastore-webui-845cc88f86-4lmtl,prometheus-kube-state-metrics,419430400,,,,,
1616673707.187,kube_pod_container_resource_requests_memory_bytes,teastore-webui,http,10.1.53.228:8080,kube-state-metrics,teastore,docker-desktop,teastore-webui-845cc88f86-7bnzp,prometheus-kube-state-metrics,419430400,,,,,
1616673737.187,kube_pod_container_resource_requests_memory_bytes,teastore-webui,http,10.1.53.228:8080,kube-state-metrics,teastore,docker-desktop,teastore-webui-845cc88f86-7bnzp,prometheus-kube-state-metrics,419430400,,,,,
1616673707.187,kube_pod_container_resource_requests_memory_bytes,teastore-webui,http,10.1.53.228:8080,kube-state-metrics,teastore,docker-desktop,teastore-webui-845cc88f86-d9nhw,prometheus-kube-state-metrics,419430400,,,,,
1616673737.187,kube_pod_container_resource_requests_memory_bytes,teastore-webui,http,10.1.53.228:8080,kube-state-metrics,teastore,docker-desktop,teastore-webui-845cc88f86-d9nhw,prometheus-kube-state-metrics,419430400,,,,,
1616673707.187,kube_pod_container_resource_requests_memory_bytes,teastore-webui,http,10.1.53.228:8080,kube-state-metrics,teastore,docker-desktop,teastore-webui-845cc88f86-q6lkv,prometheus-kube-state-metrics,419430400,,,,,
1616673737.187,kube_pod_container_resource_requests_memory_bytes,teastore-webui,http,10.1.53.228:8080,kube-state-metrics,teastore,docker-desktop,teastore-webui-845cc88f86-q6lkv,prometheus-kube-state-metrics,419430400,,,,,
1616673707.187,kube_pod_container_resource_requests_memory_bytes,teastore-webui,http,10.1.53.228:8080,kube-state-metrics,teastore,docker-desktop,teastore-webui-845cc88f86-zrmbp,prometheus-kube-state-metrics,419430400,,,,,
1616673737.187,kube_pod_container_resource_requests_memory_bytes,teastore-webui,http,10.1.53.228:8080,kube-state-metrics,teastore,docker-desktop,teastore-webui-845cc88f86-zrmbp,prometheus-kube-state-metrics,419430400,,,,,
1616673707.187,kube_pod_container_resource_limits_memory_bytes,config-reloader,http,10.1.53.228:8080,kube-state-metrics,default,docker-desktop,alertmanager-prometheus-kube-prometheus-alertmanager-0,prometheus-kube-state-metrics,52428800,,,,,
1616673737.187,kube_pod_container_resource_limits_memory_bytes,config-reloader,http,10.1.53.228:8080,kube-state-metrics,default,docker-desktop,alertmanager-prometheus-kube-prometheus-alertmanager-0,prometheus-kube-state-metrics,52428800,,,,,
1616673707.187,kube_pod_container_resource_limits_memory_bytes,config-reloader,http,10.1.53.228:8080,kube-state-metrics,default,docker-desktop,prometheus-prometheus-kube-prometheus-prometheus-0,prometheus-kube-state-metrics,52428800,,,,,
1616673737.187,kube_pod_container_resource_limits_memory_bytes,config-reloader,http,10.1.53.228:8080,kube-state-metrics,default,docker-desktop,prometheus-prometheus-kube-prometheus-prometheus-0,prometheus-kube-state-metrics,52428800,,,,,
1616673707.187,kube_pod_container_resource_limits_memory_bytes,coredns,http,10.1.53.228:8080,kube-state-metrics,kube-system,docker-desktop,coredns-f9fd979d6-4b2l5,prometheus-kube-state-metrics,178257920,,,,,
1616673737.187,kube_pod_container_resource_limits_memory_bytes,coredns,http,10.1.53.228:8080,kube-state-metrics,kube-system,docker-desktop,coredns-f9fd979d6-4b2l5,prometheus-kube-state-metrics,178257920,,,,,
1616673707.187,kube_pod_container_resource_limits_memory_bytes,coredns,http,10.1.53.228:8080,kube-state-metrics,kube-system,docker-desktop,coredns-f9fd979d6-gsfph,prometheus-kube-state-metrics,178257920,,,,,
1616673737.187,kube_pod_container_resource_limits_memory_bytes,coredns,http,10.1.53.228:8080,kube-state-metrics,kube-system,docker-desktop,coredns-f9fd979d6-gsfph,prometheus-kube-state-metrics,178257920,,,,,
1616673707.187,kube_pod_container_resource_limits_memory_bytes,teastore-webui,http,10.1.53.228:8080,kube-state-metrics,teastore,docker-desktop,teastore-webui-845cc88f86-4lmtl,prometheus-kube-state-metrics,629145600,,,,,
1616673737.187,kube_pod_container_resource_limits_memory_bytes,teastore-webui,http,10.1.53.228:8080,kube-state-metrics,teastore,docker-desktop,teastore-webui-845cc88f86-4lmtl,prometheus-kube-state-metrics,629145600,,,,,
1616673707.187,kube_pod_container_resource_limits_memory_bytes,teastore-webui,http,10.1.53.228:8080,kube-state-metrics,teastore,docker-desktop,teastore-webui-845cc88f86-7bnzp,prometheus-kube-state-metrics,629145600,,,,,
1616673737.187,kube_pod_container_resource_limits_memory_bytes,teastore-webui,http,10.1.53.228:8080,kube-state-metrics,teastore,docker-desktop,teastore-webui-845cc88f86-7bnzp,prometheus-kube-state-metrics,629145600,,,,,
1616673707.187,kube_pod_container_resource_limits_memory_bytes,teastore-webui,http,10.1.53.228:8080,kube-state-metrics,teastore,docker-desktop,teastore-webui-845cc88f86-d9nhw,prometheus-kube-state-metrics,629145600,,,,,
1616673737.187,kube_pod_container_resource_limits_memory_bytes,teastore-webui,http,10.1.53.228:8080,kube-state-metrics,teastore,docker-desktop,teastore-webui-845cc88f86-d9nhw,prometheus-kube-state-metrics,629145600,,,,,
1616673707.187,kube_pod_container_resource_limits_memory_bytes,teastore-webui,http,10.1.53.228:8080,kube-state-metrics,teastore,docker-desktop,teastore-webui-845cc88f86-q6lkv,prometheus-kube-state-metrics,629145600,,,,,
1616673737.187,kube_pod_container_resource_limits_memory_bytes,teastore-webui,http,10.1.53.228:8080,kube-state-metrics,teastore,docker-desktop,teastore-webui-845cc88f86-q6lkv,prometheus-kube-state-metrics,629145600,,,,,
1616673707.187,kube_pod_container_resource_limits_memory_bytes,teastore-webui,http,10.1.53.228:8080,kube-state-metrics,teastore,docker-desktop,teastore-webui-845cc88f86-zrmbp,prometheus-kube-state-metrics,629145600,,,,,
1616673737.187,kube_pod_container_resource_limits_memory_bytes,teastore-webui,http,10.1.53.228:8080,kube-state-metrics,teastore,docker-desktop,teastore-webui-845cc88f86-zrmbp,prometheus-kube-state-metrics,629145600,,,,,
1616673707.187,kube_pod_container_resource_limits_cpu_cores,config-reloader,http,10.1.53.228:8080,kube-state-metrics,default,docker-desktop,alertmanager-prometheus-kube-prometheus-alertmanager-0,prometheus-kube-state-metrics,0.1,,,,,
1616673737.187,kube_pod_container_resource_limits_cpu_cores,config-reloader,http,10.1.53.228:8080,kube-state-metrics,default,docker-desktop,alertmanager-prometheus-kube-prometheus-alertmanager-0,prometheus-kube-state-metrics,0.1,,,,,
1616673707.187,kube_pod_container_resource_limits_cpu_cores,config-reloader,http,10.1.53.228:8080,kube-state-metrics,default,docker-desktop,prometheus-prometheus-kube-prometheus-prometheus-0,prometheus-kube-state-metrics,0.1,,,,,
1616673737.187,kube_pod_container_resource_limits_cpu_cores,config-reloader,http,10.1.53.228:8080,kube-state-metrics,default,docker-desktop,prometheus-prometheus-kube-prometheus-prometheus-0,prometheus-kube-state-metrics,0.1,,,,,
1616673707.187,kube_pod_container_resource_limits_cpu_cores,teastore-webui,http,10.1.53.228:8080,kube-state-metrics,teastore,docker-desktop,teastore-webui-845cc88f86-4lmtl,prometheus-kube-state-metrics,0.5,,,,,
1616673737.187,kube_pod_container_resource_limits_cpu_cores,teastore-webui,http,10.1.53.228:8080,kube-state-metrics,teastore,docker-desktop,teastore-webui-845cc88f86-4lmtl,prometheus-kube-state-metrics,0.5,,,,,
1616673707.187,kube_pod_container_resource_limits_cpu_cores,teastore-webui,http,10.1.53.228:8080,kube-state-metrics,teastore,docker-desktop,teastore-webui-845cc88f86-7bnzp,prometheus-kube-state-metrics,0.5,,,,,
1616673737.187,kube_pod_container_resource_limits_cpu_cores,teastore-webui,http,10.1.53.228:8080,kube-state-metrics,teastore,docker-desktop,teastore-webui-845cc88f86-7bnzp,prometheus-kube-state-metrics,0.5,,,,,
1616673707.187,kube_pod_container_resource_limits_cpu_cores,teastore-webui,http,10.1.53.228:8080,kube-state-metrics,teastore,docker-desktop,teastore-webui-845cc88f86-d9nhw,prometheus-kube-state-metrics,0.5,,,,,
1616673737.187,kube_pod_container_resource_limits_cpu_cores,teastore-webui,http,10.1.53.228:8080,kube-state-metrics,teastore,docker-desktop,teastore-webui-845cc88f86-d9nhw,prometheus-kube-state-metrics,0.5,,,,,
1616673707.187,kube_pod_container_resource_limits_cpu_cores,teastore-webui,http,10.1.53.228:8080,kube-state-metrics,teastore,docker-desktop,teastore-webui-845cc88f86-q6lkv,prometheus-kube-state-metrics,0.5,,,,,
1616673737.187,kube_pod_container_resource_limits_cpu_cores,teastore-webui,http,10.1.53.228:8080,kube-state-metrics,teastore,docker-desktop,teastore-webui-845cc88f86-q6lkv,prometheus-kube-state-metrics,0.5,,,,,
1616673707.187,kube_pod_container_resource_limits_cpu_cores,teastore-webui,http,10.1.53.228:8080,kube-state-metrics,teastore,docker-desktop,teastore-webui-845cc88f86-zrmbp,prometheus-kube-state-metrics,0.5,,,,,
1616673737.187,kube_pod_container_resource_limits_cpu_cores,teastore-webui,http,10.1.53.228:8080,kube-state-metrics,teastore,docker-desktop,teastore-webui-845cc88f86-zrmbp,prometheus-kube-state-metrics,0.5,,,,,
1616673707.187,kube_pod_container_resource_requests_cpu_cores,config-reloader,http,10.1.53.228:8080,kube-state-metrics,default,docker-desktop,alertmanager-prometheus-kube-prometheus-alertmanager-0,prometheus-kube-state-metrics,0.1,,,,,
1616673737.187,kube_pod_container_resource_requests_cpu_cores,config-reloader,http,10.1.53.228:8080,kube-state-metrics,default,docker-desktop,alertmanager-prometheus-kube-prometheus-alertmanager-0,prometheus-kube-state-metrics,0.1,,,,,
1616673707.187,kube_pod_container_resource_requests_cpu_cores,config-reloader,http,10.1.53.228:8080,kube-state-metrics,default,docker-desktop,prometheus-prometheus-kube-prometheus-prometheus-0,prometheus-kube-state-metrics,0.1,,,,,
1616673737.187,kube_pod_container_resource_requests_cpu_cores,config-reloader,http,10.1.53.228:8080,kube-state-metrics,default,docker-desktop,prometheus-prometheus-kube-prometheus-prometheus-0,prometheus-kube-state-metrics,0.1,,,,,
1616673707.187,kube_pod_container_resource_requests_cpu_cores,coredns,http,10.1.53.228:8080,kube-state-metrics,kube-system,docker-desktop,coredns-f9fd979d6-4b2l5,prometheus-kube-state-metrics,0.1,,,,,
1616673737.187,kube_pod_container_resource_requests_cpu_cores,coredns,http,10.1.53.228:8080,kube-state-metrics,kube-system,docker-desktop,coredns-f9fd979d6-4b2l5,prometheus-kube-state-metrics,0.1,,,,,
1616673707.187,kube_pod_container_resource_requests_cpu_cores,coredns,http,10.1.53.228:8080,kube-state-metrics,kube-system,docker-desktop,coredns-f9fd979d6-gsfph,prometheus-kube-state-metrics,0.1,,,,,
1616673737.187,kube_pod_container_resource_requests_cpu_cores,coredns,http,10.1.53.228:8080,kube-state-metrics,kube-system,docker-desktop,coredns-f9fd979d6-gsfph,prometheus-kube-state-metrics,0.1,,,,,
1616673707.187,kube_pod_container_resource_requests_cpu_cores,kube-apiserver,http,10.1.53.228:8080,kube-state-metrics,kube-system,docker-desktop,kube-apiserver-docker-desktop,prometheus-kube-state-metrics,0.25,,,,,
1616673737.187,kube_pod_container_resource_requests_cpu_cores,kube-apiserver,http,10.1.53.228:8080,kube-state-metrics,kube-system,docker-desktop,kube-apiserver-docker-desktop,prometheus-kube-state-metrics,0.25,,,,,
1616673707.187,kube_pod_container_resource_requests_cpu_cores,kube-controller-manager,http,10.1.53.228:8080,kube-state-metrics,kube-system,docker-desktop,kube-controller-manager-docker-desktop,prometheus-kube-state-metrics,0.2,,,,,
1616673737.187,kube_pod_container_resource_requests_cpu_cores,kube-controller-manager,http,10.1.53.228:8080,kube-state-metrics,kube-system,docker-desktop,kube-controller-manager-docker-desktop,prometheus-kube-state-metrics,0.2,,,,,
1616673707.187,kube_pod_container_resource_requests_cpu_cores,kube-scheduler,http,10.1.53.228:8080,kube-state-metrics,kube-system,docker-desktop,kube-scheduler-docker-desktop,prometheus-kube-state-metrics,0.1,,,,,
1616673737.187,kube_pod_container_resource_requests_cpu_cores,kube-scheduler,http,10.1.53.228:8080,kube-state-metrics,kube-system,docker-desktop,kube-scheduler-docker-desktop,prometheus-kube-state-metrics,0.1,,,,,
1616673707.187,kube_pod_container_resource_requests_cpu_cores,teastore-webui,http,10.1.53.228:8080,kube-state-metrics,teastore,docker-desktop,teastore-webui-845cc88f86-4lmtl,prometheus-kube-state-metrics,0.3,,,,,
1616673737.187,kube_pod_container_resource_requests_cpu_cores,teastore-webui,http,10.1.53.228:8080,kube-state-metrics,teastore,docker-desktop,teastore-webui-845cc88f86-4lmtl,prometheus-kube-state-metrics,0.3,,,,,
1616673707.187,kube_pod_container_resource_requests_cpu_cores,teastore-webui,http,10.1.53.228:8080,kube-state-metrics,teastore,docker-desktop,teastore-webui-845cc88f86-7bnzp,prometheus-kube-state-metrics,0.3,,,,,
1616673737.187,kube_pod_container_resource_requests_cpu_cores,teastore-webui,http,10.1.53.228:8080,kube-state-metrics,teastore,docker-desktop,teastore-webui-845cc88f86-7bnzp,prometheus-kube-state-metrics,0.3,,,,,
1616673707.187,kube_pod_container_resource_requests_cpu_cores,teastore-webui,http,10.1.53.228:8080,kube-state-metrics,teastore,docker-desktop,teastore-webui-845cc88f86-d9nhw,prometheus-kube-state-metrics,0.3,,,,,
1616673737.187,kube_pod_container_resource_requests_cpu_cores,teastore-webui,http,10.1.53.228:8080,kube-state-metrics,teastore,docker-desktop,teastore-webui-845cc88f86-d9nhw,prometheus-kube-state-metrics,0.3,,,,,
1616673707.187,kube_pod_container_resource_requests_cpu_cores,teastore-webui,http,10.1.53.228:8080,kube-state-metrics,teastore,docker-desktop,teastore-webui-845cc88f86-q6lkv,prometheus-kube-state-metrics,0.3,,,,,
1616673737.187,kube_pod_container_resource_requests_cpu_cores,teastore-webui,http,10.1.53.228:8080,kube-state-metrics,teastore,docker-desktop,teastore-webui-845cc88f86-q6lkv,prometheus-kube-state-metrics,0.3,,,,,
1616673707.187,kube_pod_container_resource_requests_cpu_cores,teastore-webui,http,10.1.53.228:8080,kube-state-metrics,teastore,docker-desktop,teastore-webui-845cc88f86-zrmbp,prometheus-kube-state-metrics,0.3,,,,,
1616673737.187,kube_pod_container_resource_requests_cpu_cores,teastore-webui,http,10.1.53.228:8080,kube-state-metrics,teastore,docker-desktop,teastore-webui-845cc88f86-zrmbp,prometheus-kube-state-metrics,0.3,,,,,
1616673697.602,container_cpu_cfs_throttled_seconds_total,config-reloader,https-metrics,192.168.65.4:10250,kubelet,default,docker-desktop,prometheus-prometheus-kube-prometheus-prometheus-0,prometheus-kube-prometheus-kubelet,125.1463813,/kubepods/kubepods/burstable/pod2e96bfc4-3c10-4d82-8559-96ee02c50c31/02153a303c30106d536b3e80fbb2ae50b8002935e5b89349a978d0b40dc5afe7,sha256:73bc771f8028b1accae9e696fb577750cc9ff09feea8a3a30b590d4a4c2766d2,/metrics/cadvisor,k8s_config-reloader_prometheus-prometheus-kube-prometheus-prometheus-0_default_2e96bfc4-3c10-4d82-8559-96ee02c50c31_29,
1616673717.275,container_cpu_cfs_throttled_seconds_total,config-reloader,https-metrics,192.168.65.4:10250,kubelet,default,docker-desktop,prometheus-prometheus-kube-prometheus-prometheus-0,prometheus-kube-prometheus-kubelet,125.1463813,/kubepods/kubepods/burstable/pod2e96bfc4-3c10-4d82-8559-96ee02c50c31/02153a303c30106d536b3e80fbb2ae50b8002935e5b89349a978d0b40dc5afe7,sha256:73bc771f8028b1accae9e696fb577750cc9ff09feea8a3a30b590d4a4c2766d2,/metrics/cadvisor,k8s_config-reloader_prometheus-prometheus-kube-prometheus-prometheus-0_default_2e96bfc4-3c10-4d82-8559-96ee02c50c31_29,
1616673697.976,container_cpu_cfs_throttled_seconds_total,config-reloader,https-metrics,192.168.65.4:10250,kubelet,default,docker-desktop,alertmanager-prometheus-kube-prometheus-alertmanager-0,prometheus-kube-prometheus-kubelet,0.7238383,/kubepods/kubepods/burstable/pod414fed11-6938-47e9-8069-d32074624822/6c7192447ee4923f1386289d71cdd3c847d834a1254ffba3a748c99097536f5c,sha256:73bc771f8028b1accae9e696fb577750cc9ff09feea8a3a30b590d4a4c2766d2,/metrics/cadvisor,k8s_config-reloader_alertmanager-prometheus-kube-prometheus-alertmanager-0_default_414fed11-6938-47e9-8069-d32074624822_29,
1616673714.47,container_cpu_cfs_throttled_seconds_total,config-reloader,https-metrics,192.168.65.4:10250,kubelet,default,docker-desktop,alertmanager-prometheus-kube-prometheus-alertmanager-0,prometheus-kube-prometheus-kubelet,0.7238383,/kubepods/kubepods/burstable/pod414fed11-6938-47e9-8069-d32074624822/6c7192447ee4923f1386289d71cdd3c847d834a1254ffba3a748c99097536f5c,sha256:73bc771f8028b1accae9e696fb577750cc9ff09feea8a3a30b590d4a4c2766d2,/metrics/cadvisor,k8s_config-reloader_alertmanager-prometheus-kube-prometheus-alertmanager-0_default_414fed11-6938-47e9-8069-d32074624822_29,
1616673685.051,container_cpu_cfs_throttled_seconds_total,teastore-webui,https-metrics,192.168.65.4:10250,kubelet,teastore,docker-desktop,teastore-webui-845cc88f86-q6lkv,prometheus-kube-prometheus-kubelet,51.2412127,/kubepods/kubepods/burstable/pod0eea506d-37a5-4e31-b286-98df801c6acc/899044b291510bb9b724b74e7ad7164ecad8819e1492f1f8d5fca0d558f7d22d,descartesresearch/teastore-webui@sha256:a22920057ef41fdd0936a970ac93b60c21e3237fc812de00318092d3bbc93ea5,/metrics/cadvisor,k8s_teastore-webui_teastore-webui-845cc88f86-q6lkv_teastore_0eea506d-37a5-4e31-b286-98df801c6acc_0,
1616673723.111,container_cpu_cfs_throttled_seconds_total,teastore-webui,https-metrics,192.168.65.4:10250,kubelet,teastore,docker-desktop,teastore-webui-845cc88f86-q6lkv,prometheus-kube-prometheus-kubelet,113.328588,/kubepods/kubepods/burstable/pod0eea506d-37a5-4e31-b286-98df801c6acc/899044b291510bb9b724b74e7ad7164ecad8819e1492f1f8d5fca0d558f7d22d,descartesresearch/teastore-webui@sha256:a22920057ef41fdd0936a970ac93b60c21e3237fc812de00318092d3bbc93ea5,/metrics/cadvisor,k8s_teastore-webui_teastore-webui-845cc88f86-q6lkv_teastore_0eea506d-37a5-4e31-b286-98df801c6acc_0,
1616673689.316,container_cpu_cfs_throttled_seconds_total,teastore-webui,https-metrics,192.168.65.4:10250,kubelet,teastore,docker-desktop,teastore-webui-845cc88f86-d9nhw,prometheus-kube-prometheus-kubelet,324.7197311,/kubepods/kubepods/burstable/pod37b2c0af-86e6-445a-98b3-78fc97d0a6c3/a8dc0e223c4ea54b78396a5ff3974593339ed6e091ae6d5bb6b0e4e5e0392ce8,descartesresearch/teastore-webui@sha256:a22920057ef41fdd0936a970ac93b60c21e3237fc812de00318092d3bbc93ea5,/metrics/cadvisor,k8s_teastore-webui_teastore-webui-845cc88f86-d9nhw_teastore_37b2c0af-86e6-445a-98b3-78fc97d0a6c3_0,
1616673723.934,container_cpu_cfs_throttled_seconds_total,teastore-webui,https-metrics,192.168.65.4:10250,kubelet,teastore,docker-desktop,teastore-webui-845cc88f86-d9nhw,prometheus-kube-prometheus-kubelet,326.0215973,/kubepods/kubepods/burstable/pod37b2c0af-86e6-445a-98b3-78fc97d0a6c3/a8dc0e223c4ea54b78396a5ff3974593339ed6e091ae6d5bb6b0e4e5e0392ce8,descartesresearch/teastore-webui@sha256:a22920057ef41fdd0936a970ac93b60c21e3237fc812de00318092d3bbc93ea5,/metrics/cadvisor,k8s_teastore-webui_teastore-webui-845cc88f86-d9nhw_teastore_37b2c0af-86e6-445a-98b3-78fc97d0a6c3_0,
1616673693.621,container_cpu_cfs_throttled_seconds_total,teastore-webui,https-metrics,192.168.65.4:10250,kubelet,teastore,docker-desktop,teastore-webui-845cc88f86-4lmtl,prometheus-kube-prometheus-kubelet,231.1961449,/kubepods/kubepods/burstable/pod4df0aff1-09d0-4151-866e-ab9006def493/67f2cbafe384d767a50917441771001c4c49827ae5ffe43acc71869adb7bf4d8,descartesresearch/teastore-webui@sha256:a22920057ef41fdd0936a970ac93b60c21e3237fc812de00318092d3bbc93ea5,/metrics/cadvisor,k8s_teastore-webui_teastore-webui-845cc88f86-4lmtl_teastore_4df0aff1-09d0-4151-866e-ab9006def493_0,
1616673727.194,container_cpu_cfs_throttled_seconds_total,teastore-webui,https-metrics,192.168.65.4:10250,kubelet,teastore,docker-desktop,teastore-webui-845cc88f86-4lmtl,prometheus-kube-prometheus-kubelet,237.4255626,/kubepods/kubepods/burstable/pod4df0aff1-09d0-4151-866e-ab9006def493/67f2cbafe384d767a50917441771001c4c49827ae5ffe43acc71869adb7bf4d8,descartesresearch/teastore-webui@sha256:a22920057ef41fdd0936a970ac93b60c21e3237fc812de00318092d3bbc93ea5,/metrics/cadvisor,k8s_teastore-webui_teastore-webui-845cc88f86-4lmtl_teastore_4df0aff1-09d0-4151-866e-ab9006def493_0,
1616673687.873,container_cpu_cfs_throttled_seconds_total,teastore-webui,https-metrics,192.168.65.4:10250,kubelet,teastore,docker-desktop,teastore-webui-845cc88f86-zrmbp,prometheus-kube-prometheus-kubelet,273.8358761,/kubepods/kubepods/burstable/pod55547904-e4ca-4967-9450-9d23eb825191/7a3b8474fae700bd74763f286742ac141c9c9a24c7a7ad1f199f33a259bd240f,descartesresearch/teastore-webui@sha256:a22920057ef41fdd0936a970ac93b60c21e3237fc812de00318092d3bbc93ea5,/metrics/cadvisor,k8s_teastore-webui_teastore-webui-845cc88f86-zrmbp_teastore_55547904-e4ca-4967-9450-9d23eb825191_0,
1616673718.708,container_cpu_cfs_throttled_seconds_total,teastore-webui,https-metrics,192.168.65.4:10250,kubelet,teastore,docker-desktop,teastore-webui-845cc88f86-zrmbp,prometheus-kube-prometheus-kubelet,279.2419738,/kubepods/kubepods/burstable/pod55547904-e4ca-4967-9450-9d23eb825191/7a3b8474fae700bd74763f286742ac141c9c9a24c7a7ad1f199f33a259bd240f,descartesresearch/teastore-webui@sha256:a22920057ef41fdd0936a970ac93b60c21e3237fc812de00318092d3bbc93ea5,/metrics/cadvisor,k8s_teastore-webui_teastore-webui-845cc88f86-zrmbp_teastore_55547904-e4ca-4967-9450-9d23eb825191_0,
1616673696.626,container_cpu_cfs_throttled_seconds_total,teastore-webui,https-metrics,192.168.65.4:10250,kubelet,teastore,docker-desktop,teastore-webui-845cc88f86-7bnzp,prometheus-kube-prometheus-kubelet,178.1034266,/kubepods/kubepods/burstable/podb1af6ba5-7d26-4c50-8650-91346cf81a2c/d4e7dfc4beffe6bdcd511f787fa49b0c5fe236e38951fbc311535b880ea2ee22,descartesresearch/teastore-webui@sha256:a22920057ef41fdd0936a970ac93b60c21e3237fc812de00318092d3bbc93ea5,/metrics/cadvisor,k8s_teastore-webui_teastore-webui-845cc88f86-7bnzp_teastore_b1af6ba5-7d26-4c50-8650-91346cf81a2c_0,
1616673724.856,container_cpu_cfs_throttled_seconds_total,teastore-webui,https-metrics,192.168.65.4:10250,kubelet,teastore,docker-desktop,teastore-webui-845cc88f86-7bnzp,prometheus-kube-prometheus-kubelet,220.5597034,/kubepods/kubepods/burstable/podb1af6ba5-7d26-4c50-8650-91346cf81a2c/d4e7dfc4beffe6bdcd511f787fa49b0c5fe236e38951fbc311535b880ea2ee22,descartesresearch/teastore-webui@sha256:a22920057ef41fdd0936a970ac93b60c21e3237fc812de00318092d3bbc93ea5,/metrics/cadvisor,k8s_teastore-webui_teastore-webui-845cc88f86-7bnzp_teastore_b1af6ba5-7d26-4c50-8650-91346cf81a2c_0,
1616673707.187,kube_deployment_spec_replicas,kube-state-metrics,http,10.1.53.228:8080,kube-state-metrics,kube-system,,prometheus-kube-state-metrics-95d956569-9dl7x,prometheus-kube-state-metrics,2,,,,,coredns
1616673737.187,kube_deployment_spec_replicas,kube-state-metrics,http,10.1.53.228:8080,kube-state-metrics,kube-system,,prometheus-kube-state-metrics-95d956569-9dl7x,prometheus-kube-state-metrics,2,,,,,coredns
1616673707.187,kube_deployment_spec_replicas,kube-state-metrics,http,10.1.53.228:8080,kube-state-metrics,linkerd,,prometheus-kube-state-metrics-95d956569-9dl7x,prometheus-kube-state-metrics,1,,,,,linkerd-controller
1616673737.187,kube_deployment_spec_replicas,kube-state-metrics,http,10.1.53.228:8080,kube-state-metrics,linkerd,,prometheus-kube-state-metrics-95d956569-9dl7x,prometheus-kube-state-metrics,1,,,,,linkerd-controller
1616673707.187,kube_deployment_spec_replicas,kube-state-metrics,http,10.1.53.228:8080,kube-state-metrics,linkerd,,prometheus-kube-state-metrics-95d956569-9dl7x,prometheus-kube-state-metrics,1,,,,,linkerd-destination
1616673737.187,kube_deployment_spec_replicas,kube-state-metrics,http,10.1.53.228:8080,kube-state-metrics,linkerd,,prometheus-kube-state-metrics-95d956569-9dl7x,prometheus-kube-state-metrics,1,,,,,linkerd-destination
1616673707.187,kube_deployment_spec_replicas,kube-state-metrics,http,10.1.53.228:8080,kube-state-metrics,linkerd,,prometheus-kube-state-metrics-95d956569-9dl7x,prometheus-kube-state-metrics,1,,,,,linkerd-grafana
1616673737.187,kube_deployment_spec_replicas,kube-state-metrics,http,10.1.53.228:8080,kube-state-metrics,linkerd,,prometheus-kube-state-metrics-95d956569-9dl7x,prometheus-kube-state-metrics,1,,,,,linkerd-grafana
1616673707.187,kube_deployment_spec_replicas,kube-state-metrics,http,10.1.53.228:8080,kube-state-metrics,linkerd,,prometheus-kube-state-metrics-95d956569-9dl7x,prometheus-kube-state-metrics,1,,,,,linkerd-identity
1616673737.187,kube_deployment_spec_replicas,kube-state-metrics,http,10.1.53.228:8080,kube-state-metrics,linkerd,,prometheus-kube-state-metrics-95d956569-9dl7x,prometheus-kube-state-metrics,1,,,,,linkerd-identity
1616673707.187,kube_deployment_spec_replicas,kube-state-metrics,http,10.1.53.228:8080,kube-state-metrics,linkerd,,prometheus-kube-state-metrics-95d956569-9dl7x,prometheus-kube-state-metrics,1,,,,,linkerd-prometheus
1616673737.187,kube_deployment_spec_replicas,kube-state-metrics,http,10.1.53.228:8080,kube-state-metrics,linkerd,,prometheus-kube-state-metrics-95d956569-9dl7x,prometheus-kube-state-metrics,1,,,,,linkerd-prometheus
1616673707.187,kube_deployment_spec_replicas,kube-state-metrics,http,10.1.53.228:8080,kube-state-metrics,linkerd,,prometheus-kube-state-metrics-95d956569-9dl7x,prometheus-kube-state-metrics,1,,,,,linkerd-proxy-injector
1616673737.187,kube_deployment_spec_replicas,kube-state-metrics,http,10.1.53.228:8080,kube-state-metrics,linkerd,,prometheus-kube-state-metrics-95d956569-9dl7x,prometheus-kube-state-metrics,1,,,,,linkerd-proxy-injector
1616673707.187,kube_deployment_spec_replicas,kube-state-metrics,http,10.1.53.228:8080,kube-state-metrics,linkerd,,prometheus-kube-state-metrics-95d956569-9dl7x,prometheus-kube-state-metrics,1,,,,,linkerd-sp-validator
1616673737.187,kube_deployment_spec_replicas,kube-state-metrics,http,10.1.53.228:8080,kube-state-metrics,linkerd,,prometheus-kube-state-metrics-95d956569-9dl7x,prometheus-kube-state-metrics,1,,,,,linkerd-sp-validator
1616673707.187,kube_deployment_spec_replicas,kube-state-metrics,http,10.1.53.228:8080,kube-state-metrics,linkerd,,prometheus-kube-state-metrics-95d956569-9dl7x,prometheus-kube-state-metrics,1,,,,,linkerd-tap
1616673737.187,kube_deployment_spec_replicas,kube-state-metrics,http,10.1.53.228:8080,kube-state-metrics,linkerd,,prometheus-kube-state-metrics-95d956569-9dl7x,prometheus-kube-state-metrics,1,,,,,linkerd-tap
1616673707.187,kube_deployment_spec_replicas,kube-state-metrics,http,10.1.53.228:8080,kube-state-metrics,linkerd,,prometheus-kube-state-metrics-95d956569-9dl7x,prometheus-kube-state-metrics,1,,,,,linkerd-web
1616673737.187,kube_deployment_spec_replicas,kube-state-metrics,http,10.1.53.228:8080,kube-state-metrics,linkerd,,prometheus-kube-state-metrics-95d956569-9dl7x,prometheus-kube-state-metrics,1,,,,,linkerd-web
1616673707.187,kube_deployment_spec_replicas,kube-state-metrics,http,10.1.53.228:8080,kube-state-metrics,default,,prometheus-kube-state-metrics-95d956569-9dl7x,prometheus-kube-state-metrics,1,,,,,prometheus-grafana
1616673737.187,kube_deployment_spec_replicas,kube-state-metrics,http,10.1.53.228:8080,kube-state-metrics,default,,prometheus-kube-state-metrics-95d956569-9dl7x,prometheus-kube-state-metrics,1,,,,,prometheus-grafana
1616673707.187,kube_deployment_spec_replicas,kube-state-metrics,http,10.1.53.228:8080,kube-state-metrics,default,,prometheus-kube-state-metrics-95d956569-9dl7x,prometheus-kube-state-metrics,1,,,,,prometheus-kube-prometheus-operator
1616673737.187,kube_deployment_spec_replicas,kube-state-metrics,http,10.1.53.228:8080,kube-state-metrics,default,,prometheus-kube-state-metrics-95d956569-9dl7x,prometheus-kube-state-metrics,1,,,,,prometheus-kube-prometheus-operator
1616673707.187,kube_deployment_spec_replicas,kube-state-metrics,http,10.1.53.228:8080,kube-state-metrics,default,,prometheus-kube-state-metrics-95d956569-9dl7x,prometheus-kube-state-metrics,1,,,,,prometheus-kube-state-metrics
1616673737.187,kube_deployment_spec_replicas,kube-state-metrics,http,10.1.53.228:8080,kube-state-metrics,default,,prometheus-kube-state-metrics-95d956569-9dl7x,prometheus-kube-state-metrics,1,,,,,prometheus-kube-state-metrics
1616673707.187,kube_deployment_spec_replicas,kube-state-metrics,http,10.1.53.228:8080,kube-state-metrics,teastore,,prometheus-kube-state-metrics-95d956569-9dl7x,prometheus-kube-state-metrics,1,,,,,teastore-auth
1616673737.187,kube_deployment_spec_replicas,kube-state-metrics,http,10.1.53.228:8080,kube-state-metrics,teastore,,prometheus-kube-state-metrics-95d956569-9dl7x,prometheus-kube-state-metrics,1,,,,,teastore-auth
1616673707.187,kube_deployment_spec_replicas,kube-state-metrics,http,10.1.53.228:8080,kube-state-metrics,teastore,,prometheus-kube-state-metrics-95d956569-9dl7x,prometheus-kube-state-metrics,1,,,,,teastore-db
1616673737.187,kube_deployment_spec_replicas,kube-state-metrics,http,10.1.53.228:8080,kube-state-metrics,teastore,,prometheus-kube-state-metrics-95d956569-9dl7x,prometheus-kube-state-metrics,1,,,,,teastore-db
1616673707.187,kube_deployment_spec_replicas,kube-state-metrics,http,10.1.53.228:8080,kube-state-metrics,teastore,,prometheus-kube-state-metrics-95d956569-9dl7x,prometheus-kube-state-metrics,1,,,,,teastore-image
1616673737.187,kube_deployment_spec_replicas,kube-state-metrics,http,10.1.53.228:8080,kube-state-metrics,teastore,,prometheus-kube-state-metrics-95d956569-9dl7x,prometheus-kube-state-metrics,1,,,,,teastore-image
1616673707.187,kube_deployment_spec_replicas,kube-state-metrics,http,10.1.53.228:8080,kube-state-metrics,teastore,,prometheus-kube-state-metrics-95d956569-9dl7x,prometheus-kube-state-metrics,1,,,,,teastore-persistence
1616673737.187,kube_deployment_spec_replicas,kube-state-metrics,http,10.1.53.228:8080,kube-state-metrics,teastore,,prometheus-kube-state-metrics-95d956569-9dl7x,prometheus-kube-state-metrics,1,,,,,teastore-persistence
1616673707.187,kube_deployment_spec_replicas,kube-state-metrics,http,10.1.53.228:8080,kube-state-metrics,teastore,,prometheus-kube-state-metrics-95d956569-9dl7x,prometheus-kube-state-metrics,1,,,,,teastore-recommender
1616673737.187,kube_deployment_spec_replicas,kube-state-metrics,http,10.1.53.228:8080,kube-state-metrics,teastore,,prometheus-kube-state-metrics-95d956569-9dl7x,prometheus-kube-state-metrics,1,,,,,teastore-recommender
1616673707.187,kube_deployment_spec_replicas,kube-state-metrics,http,10.1.53.228:8080,kube-state-metrics,teastore,,prometheus-kube-state-metrics-95d956569-9dl7x,prometheus-kube-state-metrics,1,,,,,teastore-registry
1616673737.187,kube_deployment_spec_replicas,kube-state-metrics,http,10.1.53.228:8080,kube-state-metrics,teastore,,prometheus-kube-state-metrics-95d956569-9dl7x,prometheus-kube-state-metrics,1,,,,,teastore-registry
1616673707.187,kube_deployment_spec_replicas,kube-state-metrics,http,10.1.53.228:8080,kube-state-metrics,teastore,,prometheus-kube-state-metrics-95d956569-9dl7x,prometheus-kube-state-metrics,5,,,,,teastore-webui
1616673737.187,kube_deployment_spec_replicas,kube-state-metrics,http,10.1.53.228:8080,kube-state-metrics,teastore,,prometheus-kube-state-metrics-95d956569-9dl7x,prometheus-kube-state-metrics,5,,,,,teastore-webui
